Mixture	Mucus_secretory_1	Early secretory	Mucus_secretory_2	Ciliated	Differentiating_basal	Basal	P-value	Correlation	RMSE
HBEC152328_BSA_A	0.37837273654004	0	0.0546711174879033	0.233803141580083	0.31880950536513	0.0143434990268429	0	0.898475267807223	0.442887555682283
HBEC152328_IL13_A	0	0.594990586273466	0.156339569089784	0.00179008238605721	0.183123181217897	0.063756581032795	0	0.852026384675018	0.597327789646771
HBEC153087_BSA_A	0.287802259812473	0	0.0432909129336076	0.402250162362354	0.249781203065906	0.0168754618256596	0	0.817909292236775	0.595050811925932
HBEC153087_IL13_A	0	0.428677462994681	0.356361897065779	0.0561221606043704	0.113243805330271	0.0455946740048981	0	0.79405473881513	0.611657674594749
HBEC153109_BSA_H	0.22493775392465	0	0.110977570306162	0.12430848780797	0.47596477607465	0.0638114118865679	0	0.622913866882937	0.78224010440043
HBEC153109_IL13_H	0	0.270973732192625	0.285187149887043	0.0173598545370842	0.346568971943752	0.0799102914394966	0	0.821251479008165	0.616782976481639
HBEC153173_BSA_H	0	0.0843124216369502	0.223382075963741	0.387574913446213	0.253358136357249	0.0513724525958465	0	0.575594834458893	0.828348040884454
HBEC153173_IL13_H	0	0.245853443007412	0.360463609253	0	0.335861707710604	0.0578212400289837	0	0.600440758445798	0.80227887764629
HBEC153724_BSA_A	0.297654070747168	0	0.140666298369921	0.135889263816831	0.42579036706608	0	0	0.718450936554954	0.699469844779821
HBEC153724_IL13_A	0	0.439611588355431	0.354013921895776	0	0.176766018466745	0.0296084712820485	0	0.807777927272115	0.59472655890437
HBEC153741_BSA_H	0.159305946943815	0.326681860592251	0.0712499901693993	0.218133530758612	0.135314737568993	0.0893139339669294	0	0.893118231326467	0.539997925986232
HBEC153741_IL13_H	0	0.641514817803846	0.158648869247388	0.0142099138604503	0.0845165368311435	0.101109862257172	0	0.864893548667937	0.575312435457163
HBEC153832_BSA_A	0.021907280076442	0.101212938769151	0.0214375532497599	0.519742557432473	0.221954128235209	0.113745542236965	0	0.770501919119954	0.82472908514938
HBEC153832_IL13_A	0	0.415564071237481	0.205443936464414	0.0337502688055071	0.248215386995483	0.0970263364971149	0	0.637022112933569	0.776032580998141
HBEC153870_BSA_H	0.202097607303777	0	0.136610263118768	0.379161193458	0.250711584460271	0.0314193516591849	0	0.825339030625654	0.600213926428245
HBEC153870_IL13_H	0	0.306238430158758	0.408590641242565	0.0367837237745048	0.161216820630365	0.0871703841938078	0	0.790771456359185	0.613798504374778
HBEC154142_BSA_A	0.019050207002914	0.116586785715253	0.204307754373227	0.4483746412069	0.035211646727445	0.176468964974261	0	0.809960345670611	0.687445645315307
HBEC154142_IL13_A	0	0.494932993914391	0.21938601345769	0.11971935141129	0.119482723835361	0.0464789173812695	0	0.843106692478579	0.594372391722496
HBEC154417_BSA_A	0.0469672902576283	0.249679489828966	0	0.39067971250088	0.301092500550489	0.0115810068620365	0	0.904165583572618	0.72625270224314
HBEC154417_IL13_A	0	0.677459600563834	0.1256449571039	0.0347610672415039	0.135835330732631	0.0262990443581313	0	0.905527457102356	0.543626140208825
HBEC154566_BSA_A	0.144434659714593	0.0780904388236104	0	0.455201091318312	0.298219205566739	0.0240546045767444	0	0.886962466685473	0.670300988333339
HBEC154566_IL13_A	0	0.710429111164235	0.0979624469507941	0.0940150941898216	0.0398623205843408	0.0577310271108081	0	0.893964445145984	0.56600524937103
HBEC154651_BSA_A	0.302798950675966	0	0.129943652009752	0.261674780462768	0.296447281379258	0.0091353354722559	0	0.756123356159314	0.655012407264196
HBEC154651_IL13_A	0	0.521646945635543	0.199272965083971	0.0984744221399156	0.151357933520933	0.0292477336196377	0	0.83367710370486	0.608084937806766
HBEC154711_BSA_A	0.308844546898099	0	0.0639994183931017	0.406993625850773	0.179080978516204	0.0410814303418221	0	0.81859208727886	0.582032580104641
HBEC154711_IL13_A	0	0.649433428377973	0.152373642087497	0.0283303232836415	0.106675213939807	0.0631873923110824	0	0.916077988779509	0.522631045617902
HBEC154717_BSA_A	0.030629965551405	0.302923592991309	0.0145201777432558	0.489965184345401	0.134364955214732	0.027596124153897	0	0.929811954819462	0.706133800659241
HBEC154717_IL13_A	0	0.521308828041872	0.21566593639484	0.110421071124062	0.113092439244608	0.0395117251946181	0	0.837760172540579	0.596986298305436
HBEC154741_BSA_A	0.0265019859832463	0.392180962756169	0	0.404156107243925	0.115205777546538	0.0619551664701212	0	0.875593068847155	0.717916713900892
HBEC154741_IL13_A	0	0.586639002167777	0.148435957742681	0.0876859193026636	0.106731755183445	0.0705073656034339	0	0.698193287452751	0.731188479593327
HBEC154783_BSA_A	0.304718906965762	0	0.12706003026859	0.0523670077142573	0.489593184095773	0.0262608709556178	0	0.705592499266708	0.713912211196662
HBEC154783_IL13_A	0	0.145193655207996	0.372982044625591	0	0.481824300166413	0	0	0.673544930396334	0.739268211030705
HBEC155404_BSA_H	0.318474137238913	0.0587588004527384	0.0668077801674516	0.348714278892298	0.147223462599914	0.0600215406486849	0	0.889569076560901	0.473933823446514
HBEC155404_IL13_H	0	0.541400649397469	0.15919000426632	0.100030594062822	0.157184140719423	0.0421946115539654	0	0.877374207400222	0.584934884816756
HBEC156466_BSA_A	0.388160348975866	0	0.0126497457883044	0.307596593976148	0.211450865395095	0.0801424458645854	0	0.813686984100539	0.581161567225281
HBEC156466_IL13_A	0	0.510539693069976	0.286377230242663	0.0497939603016408	0.082633147314361	0.0706559690713597	0	0.802946323086811	0.609942228642932
HBEC156680_BSA_H	0.0687643335851845	0.215631423672239	0.108144509484117	0.374635486615033	0.232824246643427	0	0	0.939292706836801	0.597164400771866
HBEC156680_IL13_H	0	0.642788109961914	0.139492795895811	0.0649870949519117	0.113007328610665	0.0397246705796987	0	0.899695303898486	0.550600306281637
