X152328_BSA_d1_A	X152328_IL13_d1_A	X153087_BSA_d1_A	X153087_IL13_d1_A	X153173_BSA_d2_H	X153173_IL13_d2_H	X153724_BSA_d1_A	X153724_IL13_d1_A	X153741_BSA_d2_H	X153741_IL13_d2_H	X153870_BSA_d1_H	X153870_IL13_d1_H	X154142_BSA_d2_A	X154142_IL13_d2_A	X154417_BSA_d2_A	X154417_IL13_d2_A	X154566_BSA_d1_A	X154566_IL13_d1_A	X154651_BSA_d2_A	X154651_IL13_d2_A	X154711_BSA_d1_A	X154711_IL13_d1_A	X154717_BSA_d1_A	X154717_IL13_d1_A	X154783_BSA_d1_A	X154783_IL13_d1_A	X155404_BSA_d2_H	X155404_IL13_d2_H
ACADVL_ACADV	0	0	0	0	0	0	0	0	0	0	2	0	0	0	1	0	0	0	0	0	2	0	0	0	0	0	0	0
ACO2_ACON	0	0	1	0	0	0	0	0	0	0	1	0	0	0	3	1	0	0	0	0	4	0	0	0	0	0	0	0
ACP1_PPAC	0	0	0	0	0	0	0	0	0	0	0	0	0	0	1	0	0	0	1	0	0	0	0	0	0	0	0	0
ACTA1_ACTS	0	14	0	20	0	0	0	16	0	0	27	0	0	0	0	0	0	14	0	0	0	0	0	0	0	0	0	0
ACTA2_ACTA	0	0	0	0	0	0	0	0	0	0	0	0	10	12	11	19	0	0	0	12	0	0	0	14	0	0	0	11
ACTB_ACTB	0	25	0	0	17	20	0	24	16	26	44	0	21	27	21	34	23	0	23	24	0	0	0	22	26	21	19	22
ACTBL2_ACTBL	0	7	10	0	0	0	5	0	2	0	0	6	0	0	0	11	0	0	0	0	0	5	5	0	0	0	0	0
ACTC1_ACTC	22	0	0	0	10	10	0	0	0	11	0	0	0	0	0	0	15	0	12	0	20	14	13	0	0	0	0	0
ACTG1_ACTG	33	0	28	30	0	0	21	0	0	0	0	9	0	0	0	0	0	22	0	0	28	17	22	0	0	0	0	0
ACTG2_ACTH	0	0	17	0	0	0	12	0	0	0	0	0	0	0	0	0	0	0	0	0	0	0	0	0	0	0	0	0
ACTN1_ACTN1	9	7	0	0	0	0	0	0	0	5	8	0	0	0	9	12	0	9	8	0	0	0	0	0	8	0	0	0
ACTN4_ACTN4	18	14	12	15	8	13	7	11	5	11	20	0	11	13	21	20	12	20	16	12	16	5	11	9	10	10	9	12
ACTR2_ARP2	0	2	0	0	0	0	0	0	0	0	0	0	0	0	0	0	0	2	0	0	0	0	0	0	0	0	0	0
ACTR3_ARP3	5	5	3	1	0	0	2	0	0	0	3	2	0	0	0	4	0	4	0	2	0	4	0	3	0	0	0	0
ACTR3B_ARP3B	0	0	0	0	0	1	0	0	0	1	0	0	0	1	0	0	0	0	0	0	0	0	0	0	0	0	0	1
ADH1C_ADH1G	2	3	0	0	1	0	0	0	0	1	0	0	0	0	0	0	0	1	0	0	0	0	0	0	0	0	0	0
ADH7_ADH7	0	0	0	0	0	0	0	0	0	0	0	0	0	0	2	0	0	0	0	0	1	3	0	0	0	0	0	0
AGR2_AGR2	5	6	6	5	2	6	8	4	2	5	9	3	3	8	5	8	3	4	3	9	5	4	0	5	0	0	6	9
AGR3_AGR3	0	0	0	0	0	0	0	0	0	0	0	0	0	0	0	0	0	0	2	0	2	0	0	2	0	0	0	0
AGRN_AGRIN	4	5	1	0	1	4	0	0	0	7	6	0	0	3	6	11	4	3	1	4	2	0	2	3	5	3	0	1
AHCY_SAHH	0	0	0	0	0	0	1	0	1	0	0	0	0	0	0	0	0	0	1	0	1	1	2	0	0	0	0	0
AHNAK_AHNK	0	0	2	0	0	0	0	0	0	0	1	0	0	0	0	0	0	0	1	0	0	0	0	0	0	0	0	0
AIFM1_AIFM1	0	0	0	0	0	0	0	0	0	0	0	0	0	0	1	0	0	0	0	0	0	1	0	0	0	0	0	0
AK1_KAD1	0	0	0	0	1	0	0	0	0	0	1	0	1	0	2	3	0	0	3	1	0	0	0	0	0	0	0	0
AK2_KAD2	0	0	0	0	0	0	0	0	1	1	2	0	1	0	1	2	0	0	1	1	2	3	0	0	0	0	0	1
AKR1A1_AK1A1	4	3	2	3	3	0	0	1	0	1	1	0	0	2	4	4	2	4	2	2	2	3	4	5	0	0	0	2
AKR1B10_AK1BA	0	0	0	0	0	0	0	0	0	0	0	0	0	0	0	1	0	0	1	0	0	0	0	0	0	0	0	0
AKR1C1_AK1C1	2	0	0	0	0	0	0	0	0	0	4	0	0	1	2	2	0	0	1	1	0	0	0	0	0	0	0	1
AKR1C2_AK1C2	0	2	0	1	0	0	2	0	0	0	0	0	0	0	0	0	1	1	0	0	0	0	1	0	0	0	0	0
ALB_ALBU	5	5	5	5	6	8	3	5	6	8	5	0	6	9	5	6	6	6	6	6	4	3	6	3	5	4	6	5
ALCAM_CD166	0	0	0	0	1	0	0	0	0	0	0	0	1	0	5	2	0	0	0	2	0	0	0	2	0	0	0	0
ALDH1A1_AL1A1	12	12	10	11	9	9	8	7	8	11	13	0	6	8	13	19	9	15	14	9	16	9	13	13	0	6	10	14
ALDH1A2_AL1A2	0	0	0	0	0	0	0	0	0	0	0	0	0	0	1	0	0	0	0	1	0	0	0	0	0	0	0	0
ALDH1A3_AL1A3	5	4	0	2	0	1	4	0	0	1	0	0	0	0	0	4	2	4	0	0	0	0	0	1	6	6	0	0
ALDH2_ALDH2	0	2	0	0	0	0	4	0	0	0	4	0	0	0	1	0	0	0	0	0	0	0	0	0	0	0	0	0
ALDH3A1_AL3A1	0	0	7	0	7	0	0	0	0	0	0	1	0	0	6	0	2	0	2	1	8	3	4	0	0	0	0	0
ALDH3B1_AL3B1	5	0	7	0	2	0	2	0	1	0	4	0	2	0	5	0	4	0	3	0	6	0	7	0	0	0	2	0
ALDOA_ALDOA	12	15	19	17	10	6	13	12	11	9	21	4	13	8	18	14	14	17	15	10	18	11	17	15	10	6	11	11
ALOX15_LOX15	5	20	6	23	4	16	6	15	0	13	5	5	1	19	4	27	4	20	4	21	5	13	2	22	0	18	0	22
ALPL_PPBT	0	4	2	7	1	3	0	2	2	6	0	1	0	3	1	6	0	5	6	7	0	2	0	4	0	1	1	4
ANPEP_AMPN	2	0	0	0	0	0	0	0	1	0	0	0	0	0	0	0	0	0	3	0	0	0	0	0	0	0	1	0
ANXA1_ANXA1	14	14	15	17	18	14	12	10	11	16	21	2	13	13	17	21	14	19	16	15	18	10	18	15	6	11	12	17
ANXA11_ANX11	2	1	3	3	0	1	3	0	0	0	2	0	0	0	3	3	3	0	2	0	4	0	5	0	0	1	0	0
ANXA2_ANXA2	25	22	23	20	21	15	23	15	15	21	26	4	22	18	29	26	24	21	22	20	26	11	21	18	9	18	20	19
ANXA3_ANXA3	4	5	5	6	4	4	0	2	1	5	6	0	5	3	9	7	3	6	5	5	3	0	4	3	3	2	1	2
ANXA4_ANXA4	2	2	2	2	2	3	2	2	3	3	6	0	1	2	6	9	2	4	5	3	4	0	5	3	0	3	0	1
ANXA5_ANXA5	8	11	6	7	5	4	8	6	5	7	12	2	6	9	9	9	4	10	7	7	8	3	3	6	3	6	4	2
ANXA7_ANXA7	0	0	2	0	1	0	1	0	1	0	2	0	0	0	1	2	0	0	1	0	0	0	0	0	0	0	0	1
ANXA8_ANXA8	0	0	0	0	1	1	0	0	0	0	0	0	0	0	1	3	0	0	1	0	0	0	0	0	0	0	0	0
APEX1_APEX1	2	0	0	0	1	0	0	0	0	0	1	0	1	0	0	0	0	0	0	1	0	2	1	0	0	0	0	0
APP_A4	1	0	0	0	0	0	0	0	0	0	0	0	0	0	0	0	0	0	0	0	0	0	0	1	0	0	0	0
APP_A4_2	0	0	0	0	0	0	0	0	0	1	0	0	0	0	0	2	0	0	0	0	0	0	0	0	0	0	0	0
AQP5_AQP5	1	0	1	0	1	0	0	0	1	0	0	0	1	0	2	1	0	0	2	0	0	0	0	0	0	0	1	0
ARCN1_COPD	0	0	0	0	0	0	1	0	0	1	1	0	0	0	0	1	0	0	0	0	0	0	0	0	0	0	0	1
ARF1_ARF1	0	0	0	0	2	0	0	0	0	1	2	0	1	0	0	2	0	0	1	0	0	0	0	0	0	0	0	0
ARF3_ARF3	2	2	2	0	0	0	0	0	0	0	0	0	0	0	0	0	2	2	0	0	2	1	0	2	0	0	0	0
ARF4_ARF4	0	0	0	0	0	0	0	0	0	0	0	0	0	0	2	1	0	0	0	1	0	0	0	0	0	0	0	0
ARHGAP18_RHG18	0	0	0	0	1	0	0	0	0	0	0	0	0	0	3	0	0	0	2	0	0	0	0	0	0	0	0	0
ARHGDIA_GDIR1	1	2	0	1	0	1	0	0	0	2	2	0	1	1	2	1	0	2	1	1	1	0	0	1	0	0	0	1
ARPC1B_ARC1B	0	0	0	0	0	0	0	0	0	0	0	0	0	0	0	1	0	0	0	0	0	0	0	0	0	1	0	0
ARPC3_ARPC3	1	2	1	1	0	0	0	0	0	0	0	0	0	0	0	1	0	0	0	1	0	0	0	0	1	0	0	0
ARPC4_ARPC4	1	0	0	0	0	0	0	0	0	0	0	0	0	0	2	0	0	0	0	0	1	0	2	0	1	0	0	0
ASAH1_ASAH1	4	2	0	0	1	0	1	0	4	2	2	0	0	2	2	1	3	5	5	1	2	0	1	0	2	2	3	1
ASPH_ASPH	1	0	0	0	0	0	0	0	0	0	1	1	0	0	0	0	0	0	0	0	0	1	0	0	0	0	0	0
ASS1_ASSY	1	0	0	0	0	1	0	0	0	1	1	0	0	0	0	1	0	0	1	1	0	0	0	0	0	0	0	0
ATP12A_AT12A	0	0	2	1	0	2	0	0	1	1	1	0	0	0	4	4	0	3	3	0	2	1	3	1	0	0	0	1
ATP1A1_AT1A1	2	0	0	3	0	0	3	0	0	1	0	0	0	0	2	2	0	0	0	3	2	0	0	0	0	0	0	1
ATP1A3_AT1A3	0	0	0	0	0	0	0	0	0	0	2	0	0	0	0	0	0	0	0	0	0	0	0	0	0	1	0	0
ATP1B1_AT1B1	0	1	0	1	0	1	0	0	0	0	2	0	0	1	1	2	0	0	1	1	0	0	1	0	0	1	1	1
ATP5A1_ATPA	0	1	4	2	1	0	7	0	0	0	6	0	1	1	4	6	0	1	0	3	3	0	0	1	0	0	1	3
ATP5B_ATPB	3	3	7	8	2	2	6	2	0	1	9	2	0	1	1	4	0	2	0	2	7	3	0	4	0	1	2	3
ATP5H_ATP5H	0	0	0	0	0	0	0	0	0	0	1	0	0	0	1	1	0	0	0	0	0	0	0	0	0	0	0	0
ATP5O_ATPO	0	0	2	0	0	0	0	0	0	0	3	0	0	0	0	0	0	0	0	0	3	1	0	0	0	0	0	0
ATP6V1A_VATA	0	0	0	0	0	0	0	0	0	0	0	0	0	0	0	1	0	0	0	0	0	2	0	0	0	0	0	0
ATP6V1G1_VATG1	0	0	0	0	0	0	0	0	0	0	0	0	0	0	1	1	0	0	1	0	0	0	0	0	0	0	0	1
ATPIF1_ATIF1	0	0	0	0	0	0	0	0	0	0	0	0	0	1	0	0	0	0	1	1	0	0	0	0	0	0	0	0
B2M_B2MG	3	0	3	3	2	3	3	2	2	2	3	2	2	3	0	2	0	1	2	2	0	1	1	1	0	0	1	1
B4GALT1_B4GT1	0	0	0	0	1	0	0	0	1	0	0	0	1	0	2	2	0	0	2	0	1	0	0	0	0	0	1	0
BAIAP2_BAIP2	5	0	3	0	5	0	0	0	2	1	6	0	3	1	7	1	0	0	6	1	6	0	5	2	0	0	5	0
BASP1_BASP1	7	0	4	0	10	2	0	0	5	1	8	0	5	1	10	5	5	0	7	2	6	0	9	1	0	0	5	0
BLVRB_BLVRB	0	2	0	1	0	0	0	0	0	1	0	0	0	2	1	0	0	1	0	2	0	0	0	0	0	0	0	2
BPIFA1_BPIA1	3	0	4	0	2	0	6	0	3	0	5	0	5	0	1	0	4	0	6	0	0	0	0	0	0	0	3	0
BPIFB1_BPIB1	30	26	25	22	18	24	28	24	23	24	27	9	28	29	16	29	22	22	30	25	19	12	26	24	18	13	29	30
BPNT1_BPNT1	0	0	0	0	0	0	0	0	0	1	0	0	0	1	0	1	0	0	0	0	0	0	0	0	0	0	0	0
C3_CO3	73	9	47	7	64	26	74	37	73	19	79	5	57	13	78	58	81	32	91	26	52	3	75	26	69	0	79	20
C4A_CO4A	6	0	0	0	0	0	0	0	1	0	0	0	0	0	0	0	0	0	6	0	0	0	0	0	0	0	1	0
CA2_CAH2	0	0	0	2	0	0	0	2	0	0	0	0	0	2	0	1	0	0	0	0	0	2	0	0	0	0	0	0
CALR_CALR	3	3	3	1	0	0	4	0	0	0	5	0	0	1	2	3	1	1	1	3	2	2	0	0	0	0	0	1
CAND1_CAND1	2	1	0	0	0	0	0	0	0	0	2	0	0	0	0	2	0	0	0	1	2	3	2	0	0	0	1	0
CANT1_CANT1	0	0	0	0	0	0	0	0	0	0	0	0	0	1	0	1	0	0	0	0	0	0	0	0	0	0	0	0
CAP1_CAP1	1	5	1	3	0	1	1	2	0	2	2	3	1	3	0	6	0	5	0	2	0	3	1	0	0	1	0	3
CAPG_CAPG	2	2	1	1	2	1	0	2	0	0	4	0	0	1	3	1	0	2	0	1	0	0	0	2	0	0	0	0
CAPN1_CAN1	2	2	0	0	2	0	0	0	1	1	3	0	1	1	2	2	0	0	1	1	0	1	0	0	0	0	0	2
CAPN2_CAN2	2	2	4	2	1	0	0	0	1	1	5	0	1	0	4	2	3	2	1	2	0	0	0	2	0	0	1	3
CAPNS1_CPNS1	0	3	3	2	2	1	0	1	1	2	3	0	2	2	3	5	2	1	3	2	2	4	1	1	0	2	3	2
CAPS_CAYP1	7	4	9	6	8	6	3	3	7	5	12	0	11	8	12	10	9	9	13	8	9	4	11	8	0	0	8	4
CAPZA1_CAZA1	3	0	2	0	2	0	3	0	2	0	2	0	2	0	2	2	1	0	2	0	4	3	0	0	0	0	2	1
CAPZB_CAPZB	3	0	0	3	1	1	0	0	0	0	0	0	1	0	2	2	1	2	1	0	1	0	2	0	0	0	1	1
CAST_ICAL	0	0	0	0	1	0	0	0	0	0	2	0	0	0	0	0	0	0	0	0	0	0	0	0	0	0	0	0
CAT_CATA	0	0	0	0	0	0	0	0	0	0	1	0	0	0	1	0	0	0	0	0	0	0	0	0	0	0	0	0
CBR1_CBR1	2	1	0	2	1	0	0	0	0	0	2	0	1	0	1	0	0	0	0	2	0	1	0	2	0	0	0	0
CCL15_CCL15	0	0	0	0	0	0	0	0	0	0	0	0	0	0	1	0	0	0	1	0	0	0	0	0	0	0	0	0
CCT2_TCPB	0	0	3	0	0	0	0	0	0	0	2	0	0	0	0	1	0	1	1	1	2	2	0	0	0	0	0	0
CCT3_TCPG	1	0	1	0	0	0	0	0	0	0	2	0	0	0	0	0	0	0	0	0	0	0	0	0	0	0	0	0
CCT4_TCPD	0	0	1	0	0	0	0	0	0	0	0	0	0	0	0	0	1	0	0	0	0	0	0	0	0	0	0	0
CCT5_TCPE	1	2	2	0	0	0	0	0	0	0	0	0	0	0	0	0	0	0	0	0	1	0	0	0	0	0	0	0
CCT8_TCPQ	3	1	2	0	0	0	0	0	0	0	3	0	0	0	1	0	0	0	1	0	0	0	2	0	0	0	0	0
CD44_CD44	0	1	0	0	0	1	0	1	0	1	0	0	0	0	1	2	0	0	0	0	0	0	0	1	0	0	0	0
CD55_DAF	2	4	0	5	0	1	0	0	1	3	2	0	2	4	1	4	2	3	6	1	0	0	2	1	0	0	1	3
CD59_CD59	4	3	2	0	3	1	2	0	2	1	5	0	2	1	5	2	5	0	3	0	4	0	6	2	2	2	3	1
CD63_CD63	1	0	0	2	0	0	0	0	0	0	0	0	0	1	0	0	0	0	0	0	0	0	0	0	0	0	0	1
CD9_CD9	0	0	0	1	0	1	0	0	0	0	0	0	0	0	0	2	0	0	0	0	0	1	0	0	0	0	0	2
CDC42_CDC42	0	0	1	1	1	0	1	0	1	2	2	0	1	1	1	3	0	1	2	3	2	2	2	1	0	0	1	2
CDH1_CADH1	0	1	0	0	1	1	0	0	0	1	1	0	0	0	2	4	0	0	0	1	1	0	0	2	0	0	0	0
CDH6_CADH6	0	2	0	0	0	0	0	2	0	3	0	0	0	1	0	1	0	0	1	1	0	1	0	3	0	0	0	1
CEACAM5_CEAM5	4	4	3	4	0	5	0	7	3	5	2	1	2	5	5	7	0	5	4	4	2	2	3	5	0	3	4	4
CEACAM6_CEAM6	1	1	1	1	0	0	0	0	2	2	1	0	2	1	3	2	1	0	1	0	0	0	1	1	0	0	1	0
CEP126_CE126	0	0	0	0	0	1	0	0	0	1	0	0	0	0	0	0	0	0	0	0	0	0	0	0	0	0	0	1
CFB_CFAB	23	13	17	12	8	14	11	14	12	14	20	4	13	13	13	20	14	18	16	12	10	2	10	10	20	6	9	12
CFD_CFAD	0	0	3	0	0	0	0	0	1	0	0	0	0	0	0	0	0	0	0	0	0	0	0	0	0	0	0	0
CFH_CFAH	16	2	4	0	1	1	2	0	4	0	6	0	2	0	1	1	6	2	8	0	1	0	5	1	1	0	3	0
CFI_CFAI	2	0	0	0	0	0	0	0	0	0	0	0	0	0	1	0	0	0	1	0	0	0	0	0	0	0	0	0
CFL1_COF1	3	2	3	4	4	3	3	2	2	4	3	0	3	3	3	3	1	4	4	4	2	1	2	3	2	2	3	4
CHMP2B_CHM2B	0	0	0	0	1	0	0	0	0	0	0	0	0	0	0	1	0	0	1	0	0	0	0	0	0	0	0	0
CHMP4B_CHM4B	0	0	0	0	0	0	0	0	0	0	0	0	0	0	1	1	0	0	0	0	0	0	0	0	0	0	0	0
CIB1_CIB1	2	0	4	0	3	1	1	0	1	1	4	0	3	0	6	3	4	0	3	0	3	0	5	2	0	0	1	0
CKAP4_CKAP4	0	0	0	0	0	0	0	0	0	0	0	0	0	0	0	1	0	0	0	1	0	3	0	0	0	0	0	0
CKB_KCRB	0	1	3	2	3	0	0	0	0	0	0	0	0	1	3	1	0	1	3	1	2	0	0	1	0	0	0	0
CKMT1A_KCRU	0	0	0	0	0	0	0	0	0	0	0	0	0	0	1	2	0	0	0	1	0	0	0	0	0	0	0	0
CLCA1_CLCA1	0	13	0	15	0	1	0	17	0	4	0	3	0	24	0	16	0	21	0	22	0	13	0	21	0	0	0	25
CLIC1_CLIC1	9	9	10	4	9	4	8	2	5	5	10	0	7	5	9	5	10	5	12	9	7	3	9	8	5	5	4	3
CLIC4_CLIC4	2	0	0	0	0	0	0	0	0	0	0	0	1	0	1	1	0	0	2	0	0	0	0	0	0	0	0	0
CLIC6_CLIC6	7	0	4	0	4	0	0	0	3	0	10	1	4	1	6	2	8	0	14	2	7	0	12	0	0	0	2	0
CLSTN1_CSTN1	0	0	0	0	0	0	0	0	0	1	0	0	0	1	0	3	0	0	0	1	0	0	0	0	0	0	0	0
CLTC_CLH1	11	7	7	3	2	1	6	3	0	7	11	0	1	4	5	12	5	7	3	4	5	3	3	8	4	7	0	6
CLU_CLUS	14	2	10	2	9	3	9	3	8	1	9	0	8	3	9	6	13	3	15	6	19	3	10	5	3	0	7	1
CMPK1_KCY	4	4	3	2	1	1	0	0	0	2	3	1	1	2	1	2	1	1	2	2	2	0	0	2	0	0	0	3
CNDP2_CNDP2	7	2	7	3	4	1	2	2	0	0	9	0	2	1	4	6	7	1	3	0	7	2	4	5	1	5	1	1
COL1A1_CO1A1	0	0	0	0	0	0	0	0	0	0	0	0	2	0	0	0	0	0	0	0	1	0	0	0	0	0	1	2
COPZ1_COPZ1	0	0	0	0	0	0	0	0	0	0	0	0	0	0	0	1	0	0	0	1	0	0	0	0	0	0	0	0
CORO1B_COR1B	0	2	0	0	0	0	0	1	0	0	0	0	0	1	0	1	0	2	0	2	0	0	0	0	0	1	0	2
COX7A2_CX7A2	0	0	0	0	0	0	1	0	0	0	2	0	0	0	0	0	0	0	0	0	1	0	0	0	0	0	0	0
CP_CERU	27	7	25	2	20	4	21	5	21	1	27	1	23	3	21	7	16	6	26	5	17	0	24	3	8	0	23	1
CPE_CBPE	0	0	0	0	0	0	0	0	0	0	0	0	0	0	0	1	0	0	0	0	0	0	0	0	0	0	0	1
CRIP1_CRIP1	0	0	0	0	2	0	0	0	0	0	0	0	0	0	1	0	0	0	1	0	0	0	0	0	0	0	0	0
CRIP2_CRIP2	1	0	2	0	3	0	0	0	0	0	1	0	1	0	1	1	0	0	2	0	0	0	0	0	0	0	0	0
CRYM_CRYM	0	0	0	0	0	0	0	0	0	1	0	0	0	0	0	1	0	0	0	0	0	0	0	0	0	0	0	0
CS_CISY	0	0	0	0	0	0	0	0	0	0	0	0	0	0	2	0	0	0	0	0	0	1	0	0	0	0	0	0
CSRP1_CSRP1	0	0	0	0	0	0	0	0	0	0	0	0	0	0	0	0	0	0	0	0	0	1	0	0	0	0	0	1
CST1_CYTN	0	5	0	6	0	1	0	4	0	3	0	0	0	6	0	4	0	0	0	5	0	0	0	5	0	0	0	4
CST3_CYTC	2	2	2	4	2	3	0	3	2	3	2	0	3	6	3	4	2	2	5	4	2	3	2	1	0	1	2	5
CST6_CYTM	0	0	0	0	1	0	0	0	0	0	0	0	1	0	1	0	0	0	1	1	0	0	0	2	0	0	0	0
CSTB_CYTB	0	0	0	0	2	2	0	2	0	2	2	0	2	1	2	2	0	1	2	2	2	0	1	0	0	0	1	0
CTNNA1_CTNA1	1	3	0	0	0	0	0	0	0	0	2	0	0	0	1	0	0	1	0	0	1	2	0	0	0	0	0	0
CTNNB1_CTNB1	1	0	2	0	0	0	0	0	0	0	2	0	0	0	0	0	0	0	0	0	0	1	0	0	0	0	0	0
CTSB_CATB	7	7	6	3	7	3	6	4	6	3	7	0	9	2	9	6	7	4	9	4	7	5	5	1	5	4	7	3
CTSC_CATC	7	9	3	10	2	6	3	8	4	9	6	0	7	14	6	16	5	8	6	9	4	3	3	7	2	8	6	8
CTSD_CATD	17	10	8	6	7	6	8	5	6	1	11	0	12	8	12	12	11	5	12	6	9	4	13	9	5	1	12	7
CTSH_CATH	2	0	0	0	0	0	0	0	1	0	1	0	3	0	2	0	0	1	0	0	0	0	1	0	0	0	1	0
CTSS_CATS	1	0	2	0	1	0	0	0	1	0	2	0	0	0	1	1	0	2	0	0	0	1	0	0	0	0	1	0
CTSZ_CATZ	1	0	0	0	0	0	0	0	0	0	0	0	0	0	1	1	0	0	1	0	0	0	0	0	0	0	1	0
CXCL1_GROA	3	2	2	2	3	0	3	3	3	2	4	0	4	2	3	3	1	4	4	1	5	0	0	0	4	0	2	1
CXCL6_CXCL6	2	0	0	0	0	0	0	0	0	0	0	0	0	0	0	0	0	0	2	0	0	0	0	0	0	0	0	0
CXCL8_IL8	2	4	1	2	0	0	0	3	0	2	1	0	0	2	0	2	0	1	2	1	0	0	0	2	2	0	0	0
CYB5R3_NB5R3	0	0	0	1	0	0	0	0	0	0	1	0	0	0	0	0	0	0	0	0	0	0	0	0	0	0	0	0
CYCS_CYC	0	0	0	0	0	2	0	0	1	0	1	0	1	1	5	2	0	1	3	2	1	1	0	0	0	0	2	1
CYFIP1_CYFP1	0	0	1	0	0	0	0	0	0	0	1	0	0	0	0	0	0	0	0	0	0	0	0	0	0	0	0	0
DAG1_DAG1	0	0	0	0	0	0	0	0	0	0	0	0	0	0	0	2	0	0	2	0	0	0	0	0	0	0	0	0
DBNL_DBNL	0	0	0	0	1	0	0	0	0	0	0	0	0	0	1	0	0	0	0	0	0	0	0	0	0	0	0	0
DDAH1_DDAH1	0	0	0	0	0	0	0	0	0	0	0	0	0	0	0	0	1	0	1	0	0	0	0	0	0	0	0	0
DDB1_DDB1	0	0	0	0	0	0	0	0	0	0	0	0	0	0	1	0	0	0	0	0	0	1	0	0	0	0	0	0
DECR1_DECR	0	0	1	0	0	0	0	0	0	0	1	0	0	0	0	0	0	0	0	0	0	0	0	0	0	0	0	0
DLD_DLDH	0	0	0	0	0	0	0	0	0	1	0	0	0	0	1	1	0	0	0	0	0	0	0	0	0	0	0	0
DNASE2_DNS2A	0	0	0	0	0	0	0	0	0	0	2	0	1	1	2	1	0	0	2	1	0	1	2	0	0	0	0	1
DPP3_DPP3	0	0	0	0	0	0	0	0	0	0	2	0	0	0	3	1	0	0	0	0	2	0	0	0	0	0	0	0
DSC3_DSC3	0	0	0	0	0	0	0	0	0	0	0	0	0	0	2	1	0	0	0	0	0	0	0	0	0	0	0	0
DSP_DESP	0	0	0	0	0	0	0	0	0	0	1	0	0	0	0	1	0	0	0	0	0	0	0	0	0	0	0	0
DSTN_DEST	1	2	1	0	1	0	0	0	1	1	1	0	1	0	1	1	1	1	1	0	1	0	1	0	0	0	1	0
DUOX2_DUOX2	0	2	0	0	0	0	0	0	0	0	0	0	0	1	0	0	0	0	0	0	0	0	0	0	0	0	0	0
ECH1_ECH1	0	0	3	0	0	0	2	0	0	0	2	0	0	0	1	0	0	0	0	2	1	0	0	0	0	0	0	0
ECM1_ECM1	0	0	0	0	0	4	0	0	0	2	0	0	0	0	0	0	0	0	0	0	0	0	0	0	0	0	0	0
EDF1_EDF1	0	0	0	0	0	0	0	0	0	0	0	0	0	0	1	0	0	0	1	0	0	0	0	0	0	0	0	0
EEF1A1_EF1A1	6	7	5	5	6	4	6	5	0	5	9	0	5	7	7	8	3	5	5	8	0	3	1	0	5	3	3	7
EEF1A1P5_EF1A3	0	0	0	0	0	0	0	0	0	0	0	0	0	0	0	0	0	0	0	0	6	0	0	6	0	0	0	0
EEF1D_EF1D	2	3	3	1	0	0	2	0	0	2	2	0	2	2	2	4	2	1	2	5	2	2	1	2	1	0	0	3
EEF1G_EF1G	2	0	1	1	0	0	0	1	1	3	3	0	0	1	1	3	0	1	0	0	0	1	0	0	0	1	1	3
EEF2_EF2	9	7	5	7	2	0	4	5	0	2	7	3	1	2	6	7	4	11	6	6	4	8	3	4	0	3	0	5
EFEMP1_FBLN3	0	1	3	0	2	1	0	0	1	1	3	0	2	1	6	4	2	1	6	1	3	0	4	1	0	0	1	1
EFNA1_EFNA1	0	0	0	0	0	0	0	0	0	0	0	0	0	0	1	1	0	0	1	0	0	0	0	0	0	0	0	0
EHD4_EHD4	3	1	4	0	1	0	1	0	1	0	2	0	1	0	1	1	4	0	2	0	2	0	3	0	0	0	1	0
EIF2S1_IF2A	1	1	0	0	0	0	0	0	0	0	0	0	0	0	0	1	0	0	1	0	0	0	0	0	0	0	0	0
EIF4A1_IF4A1	0	3	3	3	2	1	4	0	0	1	3	0	0	0	2	2	2	0	1	2	3	0	2	0	0	2	1	0
EIF4A2_IF4A2	3	0	0	0	0	0	0	2	0	0	0	0	0	0	0	0	0	4	0	0	0	0	0	0	0	0	0	0
EIF4B_IF4B	0	0	1	0	0	0	0	0	0	0	1	3	0	0	0	0	0	0	0	0	0	3	0	0	0	0	0	0
EIF6_IF6	0	0	0	0	0	0	0	0	0	0	0	0	0	0	0	1	0	0	1	0	0	0	0	0	0	0	0	0
ENO1_ENOA	11	14	14	13	13	14	10	11	6	12	22	4	13	15	14	20	10	13	12	19	19	12	19	15	8	7	8	13
EPHX1_HYEP	0	0	0	0	0	0	0	0	0	0	1	0	0	0	0	0	0	0	0	0	0	0	0	0	0	0	0	1
EPPK1_EPIPL	0	0	5	2	0	0	0	0	0	0	2	1	0	0	0	0	0	0	0	0	0	0	0	0	0	0	0	0
EPS8_EPS8	0	0	0	0	1	0	0	0	0	0	0	0	0	0	1	0	0	0	0	0	0	0	0	0	0	0	0	0
EPS8L1_ES8L1	0	0	0	0	0	0	0	0	0	0	0	0	1	0	0	1	0	0	2	0	0	0	0	0	0	0	0	0
EPS8L2_ES8L2	0	0	0	0	1	0	0	0	0	0	0	0	0	0	3	0	0	0	0	0	0	0	0	0	0	0	0	0
ERO1A_ERO1A	0	3	3	0	0	0	0	0	0	0	5	0	0	0	1	1	0	0	0	1	2	2	0	3	0	0	0	0
ERP29_ERP29	0	0	0	0	1	0	0	0	0	0	2	0	0	0	1	0	0	0	0	1	2	0	0	0	0	0	0	1
ESD_ESTD	0	0	0	0	2	0	0	0	0	0	0	0	1	0	1	1	0	0	1	0	0	0	0	0	0	0	0	1
EWSR1_EWS	1	0	0	0	1	0	0	0	0	0	0	0	1	0	1	1	0	0	0	1	0	0	0	0	0	0	1	0
EZR_EZRI	26	13	24	15	20	10	15	10	12	11	31	7	14	10	18	16	20	13	22	13	23	5	31	14	10	7	18	10
F3_TF	0	0	0	0	0	0	0	0	0	1	0	0	1	0	0	1	0	0	0	0	0	0	0	0	0	0	0	1
FABP5_FABP5	2	0	4	0	2	0	0	0	0	0	5	0	0	0	5	1	0	0	2	0	3	0	2	0	0	0	0	0
FAM129B_NIBL1	0	0	1	0	0	0	0	0	0	0	3	0	0	0	0	1	1	0	0	0	0	0	2	2	0	0	0	0
FAM3C_FAM3C	3	2	1	1	1	1	0	4	2	0	2	0	1	1	1	3	1	2	3	1	0	1	2	2	0	0	2	0
FAM3D_FAM3D	0	0	1	0	0	0	0	0	0	0	0	0	0	0	0	1	0	0	0	0	0	0	0	0	0	0	1	0
FANCD2_FACD2	0	0	0	0	0	1	0	0	0	1	0	0	0	0	0	0	0	0	0	0	0	0	0	0	0	0	0	0
FASN_FAS	2	2	0	0	0	0	0	0	0	3	0	1	0	3	0	3	0	2	0	2	0	0	0	2	0	7	0	1
FBP1_F16P1	0	0	0	1	0	0	0	0	0	0	0	0	0	0	0	1	0	0	0	0	0	1	0	0	0	0	0	1
FCGBP_FCGBP	35	121	16	145	13	116	2	112	8	95	15	35	1	106	15	141	13	115	36	129	7	62	8	113	9	64	19	123
FETUB_FETUB	0	0	0	0	0	1	0	1	0	0	0	0	0	1	0	1	0	0	0	1	0	0	0	1	0	0	0	1
FKBP1A_FKB1A	1	0	0	0	0	0	0	0	0	0	1	0	0	0	0	0	0	0	0	0	1	0	0	0	0	0	0	0
FLNA_FLNA	6	3	3	0	0	0	5	7	0	1	6	0	0	1	0	6	0	7	0	1	0	0	0	0	9	5	0	0
FLNB_FLNB	10	7	4	6	1	1	4	5	1	6	14	1	1	1	6	13	6	10	6	7	6	4	1	4	5	2	2	2
FN1_FINC	55	16	40	2	28	11	32	7	20	10	36	7	21	3	27	22	37	5	22	1	6	0	9	9	33	14	2	3
FSCN1_FSCN1	0	0	0	0	1	0	0	0	0	1	0	0	0	0	1	1	0	0	0	1	0	0	0	0	0	0	0	0
FST_FST	0	0	0	0	1	0	0	0	0	0	0	0	0	0	0	1	0	0	0	0	0	0	0	0	0	0	0	0
FSTL1_FSTL1	2	0	2	0	1	0	0	0	0	0	2	1	0	2	0	4	3	0	2	1	0	0	0	0	1	0	0	0
FTH1_FRIH	0	0	0	0	1	0	0	0	2	1	4	0	2	0	1	1	0	0	2	1	1	0	0	0	2	1	1	1
FTL_FRIL	0	0	0	0	0	0	0	0	1	0	0	0	1	0	1	0	0	0	2	0	1	0	0	0	0	0	2	0
FUBP1_FUBP1	0	0	1	0	0	0	0	0	0	0	0	0	0	0	2	0	0	0	0	0	1	2	0	0	0	0	0	1
FUCA1_FUCO	0	0	0	0	1	0	0	2	0	1	1	0	0	0	2	1	0	0	1	0	1	0	0	0	0	0	0	0
FUT3_FUT3	0	0	0	0	0	0	0	0	0	0	0	0	0	0	2	4	0	0	2	1	0	0	0	0	0	0	0	1
GAA_LYAG	0	0	0	0	0	0	0	0	0	0	0	0	0	0	1	1	0	0	0	0	0	0	0	0	0	0	0	0
GANAB_GANAB	0	0	0	0	0	0	1	0	0	0	3	0	0	0	1	1	0	1	0	0	0	0	0	2	0	0	0	0
GAPDH_G3P	12	13	15	10	11	8	10	9	6	8	16	2	9	11	10	14	11	14	9	9	13	5	11	10	4	8	5	6
GDA_GUAD	0	0	0	0	2	0	0	0	0	0	0	0	0	0	1	1	0	0	2	0	0	0	0	0	0	0	0	0
GDF15_GDF15	0	0	0	0	0	0	0	1	0	0	0	1	0	0	0	0	0	0	0	0	0	0	0	0	0	0	0	0
GDI1_GDIA	0	0	0	0	0	2	0	0	0	0	2	0	0	2	0	0	2	0	0	0	0	0	0	0	0	0	0	0
GDI2_GDIB	5	3	3	1	3	0	2	2	3	2	3	0	2	0	6	5	3	3	5	3	4	3	3	1	2	3	2	3
GGCT_GGCT	0	0	0	0	0	0	0	0	0	0	0	0	0	0	0	1	0	0	1	0	0	0	0	0	0	0	0	0
GGH_GGH	0	0	0	0	0	1	0	0	0	0	0	0	0	1	0	1	0	0	0	1	0	0	0	0	0	0	0	0
GLG1_GSLG1	1	0	0	0	1	0	0	0	0	0	0	0	0	0	1	0	0	0	1	1	0	0	0	0	0	0	0	0
GLIPR2_GAPR1	1	0	2	0	1	0	1	0	2	0	2	0	1	1	3	1	2	1	2	1	1	1	1	1	0	0	1	1
GLO1_LGUL	0	0	0	0	0	0	0	0	0	0	0	0	0	0	0	1	0	0	1	0	0	0	0	0	0	0	0	0
GLOD4_GLOD4	1	0	0	0	0	0	0	0	0	0	1	0	0	0	3	2	0	0	1	1	1	1	3	0	0	0	1	1
GLUD1_DHE3	0	2	2	0	0	0	0	0	0	0	2	0	0	0	5	4	0	0	0	1	2	0	0	0	0	0	1	1
GMPPB_GMPPB	0	0	0	0	0	0	0	0	0	0	0	0	0	1	0	1	0	0	0	0	0	0	0	0	0	0	0	0
GNA11_GNA11	0	0	0	0	0	0	0	0	0	0	0	0	0	0	2	0	0	0	1	0	0	0	2	0	0	0	0	0
GNAI2_GNAI2	2	0	0	0	0	0	0	0	0	0	0	0	0	0	2	0	0	0	2	0	1	0	0	0	0	0	1	0
GNAS_GNAS1	0	0	0	0	1	0	0	0	0	0	0	0	0	0	1	0	0	0	1	0	0	0	0	0	0	0	0	0
GNAS_GNAS2	2	0	1	0	0	0	0	0	0	0	1	0	0	0	0	0	2	0	0	0	0	0	0	0	0	0	0	0
GNB1_GBB1	2	0	1	0	0	0	0	0	0	0	1	0	0	0	0	1	2	0	2	0	0	0	2	0	0	0	1	0
GNB2_GBB2	1	0	0	0	0	0	0	0	0	0	3	0	0	0	2	0	3	0	0	0	2	0	5	0	0	0	0	0
GNG12_GBG12	1	0	1	0	0	0	0	0	0	0	2	1	0	0	1	0	2	0	1	0	1	1	2	0	0	0	0	0
GOLM1_GOLM1	3	0	2	0	1	0	0	0	1	0	2	0	2	1	2	2	0	0	1	0	2	0	0	0	0	0	2	0
GOT1_AATC	0	0	0	0	0	0	0	0	0	0	0	0	0	0	3	1	0	0	0	1	0	3	0	0	0	0	0	0
GOT2_AATM	0	0	0	0	0	0	0	0	0	0	2	0	0	0	2	1	0	0	0	0	0	0	0	0	0	0	0	0
GPI_G6PI	3	4	6	5	4	3	2	0	0	2	4	2	0	5	3	8	4	4	4	1	1	3	1	5	0	0	1	2
GPRC5A_RAI3	0	0	0	0	0	1	0	0	0	0	0	0	0	0	1	2	0	0	1	0	0	0	0	0	1	0	0	0
GPRC5C_GPC5C	0	0	1	0	0	0	0	0	0	0	0	0	0	0	1	0	0	0	1	0	2	0	3	0	0	0	1	0
GPX1_GPX1	0	0	0	0	0	0	0	0	0	0	2	0	0	0	2	0	0	0	0	0	1	0	0	0	0	0	0	0
GRN_GRN	0	0	0	0	0	0	0	0	0	1	0	0	0	0	0	0	0	0	1	0	0	0	0	0	0	0	0	0
GSN_GELS	23	27	21	33	20	32	15	32	20	26	22	12	17	31	20	36	19	44	24	28	18	21	22	34	15	16	19	34
GSR_GSHR	0	0	0	0	1	0	0	0	0	0	0	0	0	0	4	3	0	0	0	0	1	0	0	0	0	0	0	0
GSS_GSHB	0	2	0	0	0	0	0	0	0	0	0	0	0	0	3	1	0	0	1	0	0	0	0	0	0	0	1	0
GSTA1_GSTA1	0	0	0	0	0	0	0	0	0	1	0	0	1	1	4	1	0	0	1	0	3	0	0	0	0	0	0	0
GSTA3_GSTA3	2	0	0	0	0	0	3	0	0	0	0	0	0	0	0	0	0	0	0	0	0	0	0	0	0	0	0	0
GSTK1_GSTK1	0	0	0	2	0	0	1	0	0	0	0	0	0	0	0	1	0	0	0	0	0	0	0	0	0	0	0	0
GSTO1_GSTO1	2	2	2	2	1	0	0	0	0	0	2	0	2	0	2	1	2	0	1	0	2	0	1	2	2	2	0	0
GSTP1_GSTP1	16	13	12	10	15	9	13	9	14	11	20	0	12	11	16	14	13	9	17	11	13	0	16	15	6	9	11	11
H1F0_H10	0	0	0	0	0	1	0	0	0	0	0	0	0	0	1	0	0	0	0	0	0	3	0	0	0	0	0	0
H2AFV_H2AV	0	1	0	0	0	0	3	1	0	0	0	0	0	0	0	0	0	1	0	0	0	0	0	0	0	0	0	0
H2AFY_H2AY	2	0	1	0	0	0	5	0	0	0	4	0	0	0	2	0	0	0	0	0	2	0	0	0	0	0	0	0
H3F3A_H33	2	2	3	3	0	0	0	2	0	0	0	0	0	0	0	0	2	2	0	0	0	2	2	2	0	1	0	0
H3F3C_H3C	0	0	0	0	0	1	0	0	0	1	0	0	0	0	0	0	0	0	1	0	0	0	0	0	1	0	0	0
HADH_HCDH	0	0	0	0	0	0	0	0	0	0	1	0	0	0	0	2	0	0	0	0	0	0	0	0	0	0	0	0
HADHB_ECHB	0	0	3	0	0	0	0	0	0	0	0	0	0	0	1	0	0	0	0	0	3	0	0	0	0	0	0	0
HDGF_HDGF	0	0	0	0	0	0	0	0	1	0	2	0	0	0	0	2	0	2	0	0	0	0	0	0	0	0	0	0
HEBP2_HEBP2	0	2	0	0	0	0	0	0	0	0	2	0	0	0	2	1	0	0	1	0	0	2	0	0	0	0	0	0
HEXA_HEXA	2	0	0	0	0	0	0	0	0	0	0	0	1	1	1	1	0	0	2	1	0	0	0	0	0	0	0	0
HEXB_HEXB	3	4	0	0	0	1	0	2	0	1	0	0	0	0	2	1	0	0	1	0	0	0	0	0	2	2	0	0
HIST1H1B_H15	0	0	3	0	0	0	3	0	0	0	3	0	0	1	0	0	0	0	0	1	3	1	0	1	0	0	0	1
HIST1H1C_H12	2	0	5	0	0	0	3	0	0	0	4	0	0	0	2	0	1	0	0	0	4	3	1	1	0	0	0	0
HIST1H1T_H1T	0	0	0	0	1	1	0	0	0	0	0	0	0	1	0	1	0	0	0	1	0	0	0	0	0	0	0	1
HIST1H2AB_H2A1B	0	0	0	0	2	2	0	0	2	2	5	0	2	1	3	3	0	0	1	2	0	0	0	0	0	0	2	2
HIST1H2AD_H2A1D	0	0	0	0	0	0	0	0	0	0	0	0	0	0	3	3	0	0	0	0	0	0	0	0	0	0	0	0
HIST1H2AH_H2A1H	3	0	1	0	0	0	4	0	0	0	6	0	0	0	0	0	2	0	0	0	0	0	2	0	2	2	0	0
HIST1H2BB_H2B1B	0	0	0	0	5	4	0	0	4	3	0	0	2	2	0	4	0	0	3	1	0	0	0	0	0	0	5	3
HIST1H2BH_H2B1H	6	0	0	0	0	0	0	0	0	0	0	0	0	0	0	0	4	0	0	0	9	0	0	0	0	0	0	0
HIST1H2BK_H2B1K	0	5	0	4	0	0	6	0	0	0	0	0	0	0	0	0	0	4	0	0	0	0	0	9	5	0	0	0
HIST1H2BO_H2B1O	0	0	0	0	0	0	0	0	0	0	10	0	0	0	0	0	0	0	0	0	8	0	0	0	0	0	0	0
HIST1H3A_H31	0	0	0	0	0	0	6	0	0	0	4	3	0	0	0	3	0	0	0	0	0	0	0	0	0	0	0	0
HIST1H4A_H4	6	3	7	4	4	4	7	3	3	2	10	1	4	6	11	7	3	5	5	6	9	3	4	6	3	5	7	7
HIST2H2BF_H2B2F	0	0	5	0	0	0	0	3	0	0	10	0	0	0	0	0	0	0	0	0	0	7	0	0	0	0	0	0
HIST3H3_H31T	0	0	0	0	2	0	0	0	2	0	0	0	2	2	4	0	0	0	0	3	0	0	0	0	0	0	2	2
HLA-A_1A24	2	0	0	0	0	0	2	0	0	0	0	0	0	0	0	0	0	0	0	0	0	0	0	0	0	0	0	0
HMGA1_HMGA1	2	1	1	0	0	0	0	0	0	0	2	0	0	0	0	0	0	1	0	0	2	2	1	1	0	0	0	0
HMGB1_HMGB1	0	0	0	0	0	0	0	0	0	0	2	0	0	0	1	0	0	0	0	0	0	0	0	0	0	0	0	0
HMGB3_HMGB3	0	0	0	0	0	0	0	0	0	0	0	0	0	0	1	0	0	0	1	0	0	0	0	0	0	0	0	0
HNRNPA1_ROA1	1	2	3	0	1	0	1	0	0	0	2	1	2	0	0	2	1	1	1	0	1	1	0	2	0	0	1	0
HNRNPA2B1_ROA2	3	4	3	2	1	1	2	0	0	0	5	1	0	0	3	2	0	2	0	1	3	1	0	3	0	0	1	1
HNRNPA3_ROA3	1	1	1	0	1	0	1	0	0	0	1	0	0	0	0	1	0	0	0	0	1	1	0	0	0	0	0	0
HNRNPAB_ROAA	0	0	1	0	1	0	0	0	0	0	2	0	0	0	1	1	0	0	1	1	0	0	0	0	0	0	0	0
HNRNPC_HNRPC	0	0	3	0	0	0	0	0	0	0	3	0	0	0	0	0	0	0	0	0	2	0	0	0	0	0	0	0
HNRNPD_HNRPD	2	2	0	2	0	0	0	0	0	1	3	0	1	1	1	2	0	3	1	1	2	0	1	2	0	0	0	0
HNRNPH1_HNRH1	0	0	0	0	0	0	0	0	0	0	2	0	0	0	0	2	0	0	0	0	0	0	0	0	0	0	0	0
HNRNPH3_HNRH3	0	0	0	0	0	0	0	0	0	0	1	0	0	0	1	0	0	0	0	0	0	0	0	0	0	0	0	0
HNRNPK_HNRPK	2	2	1	0	1	0	0	0	0	0	4	1	1	1	2	3	0	0	2	1	3	3	1	3	0	0	1	2
HNRNPM_HNRPM	0	0	3	0	0	0	1	0	0	0	2	0	0	0	1	0	0	0	0	0	2	0	0	0	0	0	0	0
HNRNPU_HNRPU	1	0	0	0	0	0	0	0	0	0	3	0	0	0	1	0	0	0	0	0	1	0	0	0	0	0	0	0
HSP90AA1_HS90A	18	12	18	17	10	5	11	10	4	9	22	2	8	6	13	12	10	13	17	16	18	5	9	13	7	11	8	5
HSP90AB1_HS90B	13	9	14	12	7	3	10	7	0	6	18	0	6	5	8	10	8	13	11	11	14	5	6	11	9	8	5	6
HSP90B1_ENPL	3	2	7	5	1	0	7	0	1	0	9	0	0	4	2	5	0	5	0	5	6	2	0	3	0	2	0	7
HSPA1A_HS71A	16	11	14	10	8	6	11	7	4	7	16	3	6	10	13	13	8	12	9	10	13	6	15	9	4	3	4	8
HSPA1L_HS71L	0	6	0	0	0	0	0	0	0	6	0	0	0	0	0	0	0	0	0	0	0	3	0	0	0	0	0	0
HSPA5_GRP78	7	3	10	6	4	7	12	4	4	10	16	0	8	11	10	13	3	11	8	10	11	2	5	6	2	3	5	15
HSPA6_HSP76	0	0	0	0	0	0	0	0	3	0	0	0	0	0	0	0	0	0	0	5	0	0	0	0	0	3	0	0
HSPA8_HSP7C	19	9	13	15	8	7	14	10	5	8	24	2	8	7	15	11	13	15	14	9	17	7	14	16	8	14	5	7
HSPA9_GRP75	1	3	2	1	0	0	3	0	0	0	6	1	0	0	1	0	0	0	0	0	2	1	0	0	0	0	0	0
HSPB1_HSPB1	8	7	7	5	9	5	6	4	3	6	12	2	5	6	8	9	6	7	9	7	8	2	5	8	5	4	4	5
HSPD1_CH60	2	3	10	6	0	0	5	0	0	0	8	0	0	1	5	3	0	1	0	1	10	3	0	2	0	0	0	1
HSPE1_CH10	1	1	1	1	2	2	3	1	1	2	4	0	2	1	3	1	1	1	2	1	4	2	1	3	0	0	0	1
HSPG2_PGBM	3	5	2	0	0	4	0	1	0	11	3	3	0	4	5	15	0	0	0	4	3	1	4	5	12	6	0	0
HSPH1_HS105	0	0	0	0	0	0	0	0	0	0	1	0	0	0	2	0	0	0	0	0	1	0	0	0	0	0	0	0
ICAM1_ICAM1	5	2	0	0	1	1	0	0	1	1	5	0	0	1	1	2	3	0	4	0	0	1	0	2	5	0	0	0
IDH1_IDHC	6	6	3	3	3	7	0	2	1	4	4	0	5	4	7	8	4	5	5	7	6	5	4	4	0	0	4	8
IDH2_IDHP	0	0	3	0	0	0	0	0	0	0	2	0	0	0	0	0	0	0	0	0	4	0	0	0	0	0	0	0
IGFBP2_IBP2	7	3	13	6	9	3	0	2	5	4	10	0	5	3	8	7	7	3	8	5	11	4	10	2	0	0	6	3
IGFBP3_IBP3	1	1	1	0	1	2	0	0	0	1	1	0	1	2	1	3	0	0	2	2	1	0	2	1	0	0	2	0
IGFBP7_IBP7	9	3	6	0	6	3	2	1	1	2	9	2	3	3	5	3	4	3	6	3	5	2	5	4	4	0	3	1
ILF2_ILF2	0	0	0	0	0	0	0	0	0	0	2	0	0	0	2	0	0	0	1	0	0	0	0	0	0	0	0	0
IQGAP1_IQGA1	2	2	4	2	2	0	0	0	0	0	3	0	0	2	7	6	0	3	2	2	0	0	2	0	0	0	1	2
ITLN1_ITLN1	0	7	0	8	0	0	0	9	0	0	0	0	0	14	0	12	0	8	0	10	0	6	0	7	0	4	0	12
ITLN2_ITLN2	0	2	0	0	0	0	0	3	0	0	0	0	0	3	0	3	0	3	0	3	0	0	0	3	0	0	0	3
JPT2_JUPI2	0	0	0	0	2	0	0	0	0	0	0	0	1	0	2	0	0	0	3	0	0	0	0	0	0	0	0	0
JUP_PLAK	1	1	2	0	0	0	0	0	0	0	2	1	0	0	0	2	0	1	0	0	0	1	0	1	0	0	0	0
KLK10_KLK10	4	0	0	0	0	0	0	0	0	0	2	0	1	0	1	0	0	0	2	0	1	4	0	0	0	0	0	0
KLK11_KLK11	4	0	0	0	0	0	0	0	1	0	2	0	2	0	0	0	2	0	4	0	3	0	0	0	0	0	2	0
KLK13_KLK13	1	0	0	0	0	0	0	0	0	0	1	0	1	0	0	0	0	0	1	0	0	0	0	0	0	0	1	0
KPNB1_IMB1	2	1	0	0	0	0	0	0	0	0	1	0	0	0	0	1	0	0	0	1	0	1	0	1	0	0	0	1
KRT1_K2C1	24	1	2	0	0	2	0	0	10	3	0	0	14	5	3	24	3	1	7	2	3	2	2	0	1	0	4	0
KRT10_K1C10	22	0	6	0	0	0	0	0	7	1	0	0	12	4	8	22	0	0	3	3	0	3	0	0	0	0	5	0
KRT13_K1C13	0	0	9	0	0	0	0	0	0	0	6	0	0	0	10	0	0	0	0	0	0	0	0	0	0	0	0	0
KRT14_K1C14	13	0	13	9	8	5	9	0	0	0	0	0	0	0	12	17	3	6	0	0	7	5	0	4	0	0	0	0
KRT16_K1C16	0	7	0	0	0	7	0	0	0	0	5	0	0	0	0	14	0	0	0	4	0	0	0	0	0	0	0	0
KRT17_K1C17	16	14	22	16	10	10	19	2	4	6	33	1	10	12	16	18	5	11	5	13	13	10	3	8	3	0	7	7
KRT18_K1C18	4	5	5	4	3	0	5	0	0	0	8	0	0	0	3	3	0	2	0	0	3	1	0	2	0	0	0	2
KRT19_K1C19	29	29	34	29	23	21	36	12	13	18	46	6	13	20	30	32	11	20	16	23	29	17	11	18	5	10	19	22
KRT2_K22E	14	0	6	0	0	0	0	0	0	0	0	0	0	0	5	13	2	0	0	4	6	0	5	0	0	0	5	0
KRT25_K1C25	0	0	0	0	2	0	0	0	0	0	0	0	0	1	0	0	0	0	0	0	0	0	0	0	0	0	1	0
KRT4_K2C4	8	2	12	4	0	3	10	0	3	3	7	0	0	0	10	4	2	2	0	0	8	2	2	4	0	0	5	3
KRT5_K2C5	20	14	26	16	13	9	21	5	7	8	43	2	12	7	20	22	7	10	9	9	27	9	5	9	3	3	10	7
KRT6A_K2C6A	21	16	23	25	17	16	25	10	8	8	39	0	0	9	17	25	7	11	11	12	19	12	10	12	0	0	13	12
KRT6B_K2C6B	0	0	0	0	0	0	0	0	8	0	0	0	12	9	0	0	0	0	0	0	0	0	0	0	0	0	0	0
KRT7_K2C7	14	16	18	12	5	4	19	7	6	6	23	0	10	1	14	13	6	10	8	11	12	4	0	9	4	5	8	5
KRT73_K2C73	0	0	0	4	0	0	0	0	0	0	0	0	0	0	0	0	0	0	0	0	0	3	0	0	0	0	0	0
KRT75_K2C75	0	0	0	0	5	5	0	0	0	0	0	0	5	3	0	9	0	0	0	0	0	0	0	0	0	0	5	5
KRT79_K2C79	0	0	0	0	3	3	0	0	0	0	0	0	6	0	0	0	0	0	0	0	0	0	0	0	0	0	0	0
KRT8_K2C8	15	17	20	13	8	3	17	8	1	0	25	6	0	3	9	6	7	7	4	8	22	7	5	8	2	6	3	4
KRT9_K1C9	10	0	2	0	0	1	0	0	4	0	1	0	5	2	2	17	0	2	3	0	1	5	0	0	1	0	2	0
LAMA3_LAMA3	8	4	9	0	4	6	0	2	1	13	0	2	0	2	5	11	0	0	2	2	0	1	6	4	0	0	0	1
LAMB3_LAMB3	8	10	14	5	3	14	0	4	1	16	2	3	1	8	7	17	0	0	4	7	0	0	5	4	2	4	1	0
LAMC2_LAMC2	13	9	18	8	4	9	1	5	2	14	5	7	1	4	6	16	6	4	7	5	5	6	12	8	2	3	2	3
LAMP1_LAMP1	0	1	0	0	0	0	0	1	0	0	0	0	0	0	2	1	0	0	1	1	0	1	0	0	0	0	0	0
LAP3_AMPL	0	0	1	0	1	0	0	0	0	0	1	0	0	1	1	1	0	0	0	1	0	0	0	0	0	0	0	0
LCN2_NGAL	11	9	12	11	12	8	9	11	10	9	13	0	12	10	14	11	10	8	12	9	13	1	10	7	13	9	13	9
LDHA_LDHA	6	5	4	6	4	5	3	3	5	3	9	1	5	6	6	6	7	8	6	5	7	3	7	2	3	4	6	4
LDHB_LDHB	9	5	8	3	5	4	2	3	6	4	8	0	4	3	7	4	6	7	4	3	5	3	6	3	3	2	7	5
LGALS1_LEG1	0	0	0	0	0	0	0	0	0	0	0	0	0	0	0	1	0	0	1	0	0	0	0	0	0	0	0	0
LGALS3_LEG3	6	5	6	8	5	3	4	5	2	3	8	2	1	1	7	7	6	6	4	5	7	6	7	5	0	3	3	5
LGALS3BP_LG3BP	20	8	15	8	13	8	14	9	16	7	17	3	10	9	19	13	13	7	20	7	17	4	19	5	11	6	11	7
LGALS7_LEG7	2	5	0	3	2	3	1	2	1	6	2	0	0	2	2	5	2	6	1	4	1	1	0	3	2	2	0	3
LMNA_LMNA	5	8	8	11	4	0	8	3	4	3	10	2	4	5	8	8	3	9	4	7	14	15	5	8	0	0	5	5
LRG1_A2GL	1	0	2	0	3	1	0	1	1	0	5	0	1	0	3	3	1	0	3	0	6	0	6	0	0	0	1	0
LSR_LSR	2	0	1	0	0	0	1	0	1	0	0	1	0	0	1	1	1	0	2	0	0	0	0	0	0	0	1	0
LTA4H_LKHA4	3	0	0	0	0	0	0	0	0	0	0	0	0	0	1	4	1	0	2	0	0	1	0	0	0	1	0	0
LTF_TRFL	0	0	0	0	0	0	0	0	0	0	0	0	0	0	5	0	3	0	20	0	0	0	0	0	0	0	25	0
LXN_LXN	0	0	0	0	0	0	0	0	0	0	1	0	1	0	1	0	0	0	1	0	0	0	0	0	0	0	0	0
LY6D_LY6D	0	0	0	0	1	0	0	0	0	0	0	0	1	0	0	0	0	0	0	0	0	0	0	0	0	0	0	0
LYN_LYN	0	0	0	0	0	0	0	0	0	0	2	0	0	0	2	0	0	0	2	0	0	0	2	0	0	0	0	0
LYPD2_LYPD2	2	1	1	0	1	1	2	0	1	1	2	0	1	0	1	1	1	0	1	1	1	0	1	0	1	0	1	1
LYPD3_LYPD3	0	0	0	0	0	3	0	0	0	4	0	0	0	1	1	4	0	0	0	1	0	0	0	0	0	0	0	0
LYZ_LYSC	2	7	3	4	2	4	0	7	1	4	0	1	2	6	1	6	2	6	4	6	2	5	1	7	0	2	2	5
MAOA_AOFA	0	0	0	0	0	0	0	0	0	0	0	0	0	0	1	0	0	0	0	2	0	0	0	0	0	0	0	1
MAPRE1_MARE1	0	0	0	0	0	0	0	0	0	0	0	0	0	0	1	0	0	0	0	1	0	0	0	0	0	0	0	0
MARCKS_MARCS	0	0	0	0	1	0	0	0	0	0	0	0	0	0	1	0	0	0	1	0	0	0	0	0	0	0	0	0
MDH1_MDHC	2	1	2	0	1	0	0	0	1	0	2	0	0	0	3	2	0	0	2	1	3	1	2	2	0	0	1	0
MDH2_MDHM	3	5	7	3	0	1	3	0	0	2	7	0	1	2	5	3	0	0	0	1	7	2	0	3	0	0	1	1
MDK_MK	1	0	0	0	1	0	0	0	0	0	1	0	1	0	1	0	0	0	1	0	1	0	0	0	0	0	1	0
ME1_MAOX	0	1	0	0	0	0	0	0	0	1	0	0	0	0	0	1	0	0	0	0	0	0	0	0	0	0	0	0
MIF_MIF	2	1	1	2	3	2	2	1	2	2	3	0	2	2	2	3	2	2	3	2	2	0	2	2	2	2	2	2
MMP1_MMP1	0	0	3	0	0	0	0	6	0	7	0	0	0	0	0	0	0	0	0	0	0	0	0	0	0	0	0	0
MMP10_MMP10	4	0	3	0	1	0	3	3	1	3	4	1	5	1	2	5	2	0	4	0	0	0	2	0	0	0	1	0
MMP13_MMP13	2	0	2	0	1	0	0	0	0	0	0	0	1	0	0	0	0	0	0	0	0	0	0	0	0	0	0	0
MMP2_MMP2	0	0	0	0	0	0	0	0	0	0	0	0	1	0	0	2	0	0	1	0	0	0	0	0	0	0	0	0
MMP7_MMP7	1	0	0	0	0	0	0	0	0	0	1	0	0	0	0	0	2	0	0	0	0	0	0	0	0	0	0	0
MMP9_MMP9	0	0	13	2	6	1	3	0	2	6	6	0	2	1	4	6	0	0	0	0	4	0	9	2	0	0	1	0
MSLN_MSLN	0	3	8	8	0	7	1	5	2	3	6	0	0	0	2	13	0	6	6	2	5	2	0	7	0	0	0	0
MSMB_MSMB	1	0	4	0	0	0	0	0	1	0	0	0	1	0	1	0	0	0	2	0	0	0	0	0	2	0	2	0
MSN_MOES	0	0	0	0	6	4	0	0	0	0	7	0	0	0	0	5	5	2	9	0	0	0	0	0	0	0	6	0
MT-CO2_COX2	0	0	0	0	0	0	2	0	0	0	0	0	0	0	0	0	0	0	0	0	0	0	0	0	0	0	0	1
MUC1_MUC1	5	6	5	6	8	3	5	2	6	4	5	0	6	3	6	6	6	5	7	5	6	1	6	5	2	4	6	4
MUC16_MUC16	0	0	0	0	12	0	0	0	9	0	0	0	11	0	21	9	0	0	16	0	0	0	0	0	0	0	8	0
MUC2_MUC2	0	0	0	11	0	2	0	2	0	0	0	5	0	0	0	4	0	0	0	0	0	0	0	0	0	0	0	0
MUC4_MUC4	11	2	13	10	9	3	4	2	11	8	17	0	7	2	6	7	8	5	15	2	10	0	15	7	5	3	6	1
MUC5AC_MUC5A	102	98	114	150	5	43	89	116	58	56	67	26	83	95	15	74	48	99	63	76	57	75	34	95	42	57	81	102
MUC5B_MUC5B	68	22	50	21	5	2	63	14	32	5	57	5	28	9	27	13	23	11	52	9	31	0	26	0	9	0	34	9
MVP_MVP	4	7	6	5	1	0	3	0	0	0	5	0	0	1	7	6	0	1	0	1	5	4	0	2	0	3	0	1
MYH14_MYH14	5	4	9	3	0	0	0	0	0	0	5	3	0	0	0	5	0	3	0	0	6	3	0	2	0	0	0	0
MYH9_MYH9	17	19	18	10	6	7	13	11	0	15	27	2	2	13	6	27	3	12	1	18	6	3	0	7	7	8	2	8
MYL12A_ML12A	0	0	0	0	0	2	0	0	0	2	0	0	0	0	1	3	0	0	0	3	0	0	0	0	0	0	0	0
MYL12B_ML12B	1	2	2	2	0	0	2	0	0	0	2	0	0	0	0	0	0	2	0	0	0	0	0	2	0	0	0	0
MYL6_MYL6	5	2	2	2	0	1	4	3	0	2	4	1	0	2	1	3	0	4	2	4	4	2	2	2	0	5	1	1
MYL6B_MYL6B	0	0	0	0	1	0	0	0	0	0	0	0	1	0	0	0	0	0	0	0	0	0	0	0	0	0	0	0
MYO1B_MYO1B	4	0	2	0	0	0	0	0	0	0	4	0	0	0	4	0	6	0	1	0	3	0	7	0	0	0	0	0
MYOF_MYOF	3	0	0	0	0	0	4	0	0	0	7	0	0	0	1	0	0	0	1	0	4	0	0	0	0	0	0	0
NAMPT_NAMPT	0	3	0	0	0	0	0	0	0	1	0	0	0	1	0	5	0	0	0	1	0	0	0	1	0	0	0	2
NANS_SIAS	0	0	2	0	0	0	0	0	0	0	0	0	0	0	2	3	0	0	0	0	0	0	0	1	0	0	0	1
NCL_NUCL	0	0	2	0	0	0	0	0	0	0	2	0	0	0	3	1	2	0	0	0	0	1	2	0	0	0	0	1
NDRG1_NDRG1	0	0	1	0	0	0	0	0	0	0	3	0	0	0	0	0	0	0	0	0	1	0	1	0	0	0	0	0
NME1_NDKA	0	0	0	0	0	0	0	0	0	0	2	0	0	0	0	0	0	0	0	0	1	3	0	0	0	0	0	0
NME2_NDKB	0	2	0	0	0	0	0	0	0	0	0	0	0	1	3	3	0	0	0	2	0	0	0	0	0	0	0	1
NME2P1_NDK8	0	0	1	2	0	0	0	0	0	0	0	0	0	0	0	0	0	0	0	0	0	0	0	0	1	2	0	0
NPC2_NPC2	2	0	2	0	1	1	0	0	0	0	0	0	1	1	1	1	0	0	5	0	0	0	0	0	0	0	1	0
NPEPPS_PSA	0	0	0	0	0	0	0	0	0	0	4	1	1	0	4	1	3	2	2	0	0	0	3	0	0	0	0	0
NPM1_NPM	1	2	3	1	0	0	1	0	0	0	4	0	0	0	1	1	0	1	1	1	2	3	0	1	0	0	0	1
NQO1_NQO1	0	0	0	0	1	0	0	0	0	0	0	0	0	0	0	0	0	0	1	0	0	0	0	0	0	0	0	0
NUCB1_NUCB1	0	0	0	0	1	0	0	0	1	0	0	0	1	0	1	3	0	0	2	1	0	0	0	0	0	0	0	0
NUCB2_NUCB2	0	0	0	0	1	0	0	0	0	0	1	0	0	0	1	0	0	0	3	1	0	0	0	0	0	0	0	0
NUCKS1_NUCKS	0	0	0	0	1	0	0	0	0	0	1	1	0	0	0	0	0	0	0	0	0	2	0	0	0	0	1	0
NUDC_NUDC	0	0	0	0	0	0	0	0	1	0	0	0	0	0	1	0	0	0	2	0	2	0	1	0	0	0	0	0
NUDT5_NUDT5	0	0	0	0	1	0	0	0	0	0	0	0	0	0	1	0	0	0	0	0	0	0	0	0	0	0	0	0
OLA1_OLA1	0	1	0	0	0	0	0	0	0	0	0	0	0	0	1	1	0	0	0	0	0	0	0	0	0	0	0	0
OLFM4_OLFM4	2	0	0	0	0	0	0	0	0	0	0	0	0	0	0	0	0	0	0	0	0	0	0	0	6	0	0	0
P4HB_PDIA1	1	7	6	9	1	4	8	2	0	3	11	0	2	5	5	7	3	5	4	5	3	2	0	3	4	2	2	7
PACRG_PACRG	0	0	0	0	0	0	0	0	0	2	0	0	0	1	0	0	0	0	0	0	0	0	0	0	0	0	0	0
PACSIN2_PACN2	0	0	0	0	0	0	0	0	0	0	0	0	0	0	0	1	0	0	2	0	2	0	0	0	0	0	0	0
PAFAH1B2_PA1B2	0	2	0	1	0	0	2	0	0	0	1	0	0	0	0	1	0	0	1	1	0	0	1	1	0	0	0	0
PAM_AMD	0	0	0	0	0	0	1	0	0	0	0	0	1	0	0	0	0	0	1	0	0	0	0	0	0	0	0	0
PARK7_PARK7	5	4	3	2	5	1	0	1	2	2	3	0	3	2	6	4	2	3	3	2	4	3	5	4	0	1	1	2
PCBP1_PCBP1	5	1	3	3	1	0	3	0	1	1	4	0	1	1	0	2	0	2	4	2	3	1	1	2	0	0	1	1
PDCD10_PDC10	0	0	0	0	0	0	0	0	0	0	0	0	0	0	1	0	0	0	1	0	0	0	0	0	0	0	0	0
PDCD6_PDCD6	0	0	0	0	2	0	0	0	0	0	0	0	0	0	1	0	0	0	1	0	0	0	0	0	0	0	0	0
PDCD6IP_PDC6I	3	4	3	2	1	0	1	0	0	1	3	0	2	1	6	1	0	4	4	2	4	2	2	0	0	0	1	2
PDIA3_PDIA3	11	10	9	10	0	5	9	4	0	4	11	1	0	6	3	9	2	8	2	8	8	4	0	7	3	2	1	8
PDIA4_PDIA4	0	0	1	3	0	1	4	0	0	0	2	0	1	1	0	2	0	1	0	2	2	0	1	0	0	0	0	2
PDIA6_PDIA6	0	1	1	2	0	0	4	1	0	0	4	0	0	0	1	2	0	2	0	0	2	0	0	1	0	1	0	0
PDLIM1_PDLI1	0	0	2	0	2	0	0	0	0	1	0	0	0	0	0	1	0	1	0	0	1	0	0	1	0	0	0	0
PDXK_PDXK	0	0	0	0	0	0	0	0	0	0	0	0	0	0	0	1	0	0	0	1	0	0	0	0	0	0	0	0
PEBP1_PEBP1	2	0	4	0	4	0	0	1	2	0	4	0	4	1	6	2	1	2	4	1	5	2	3	3	0	0	3	2
PFN1_PROF1	5	5	5	3	4	3	6	6	2	5	8	0	4	2	6	6	2	5	4	4	5	0	4	5	5	4	2	4
PGAM1_PGAM1	2	0	3	3	0	1	0	2	0	1	3	0	1	1	3	4	0	3	1	1	0	0	2	3	0	0	0	2
PGAM2_PGAM2	0	0	0	0	0	0	0	0	0	0	0	1	0	0	0	0	1	0	0	0	2	0	0	0	0	0	0	0
PGD_6PGD	4	5	2	2	1	2	2	1	1	2	6	0	1	2	6	4	4	6	5	3	6	6	6	3	0	3	0	2
PGK1_PGK1	11	14	8	19	4	7	6	12	3	8	18	2	8	10	15	15	13	14	11	11	16	14	15	15	3	7	3	9
PGLS_6PGL	0	0	0	0	0	0	0	0	0	0	4	0	0	0	0	1	3	0	0	0	0	0	3	1	0	0	0	0
PGM1_PGM1	1	0	1	0	0	0	0	0	0	0	1	0	0	0	1	0	0	0	0	0	0	0	0	0	0	0	0	0
PGM2_PGM2	0	0	0	0	1	0	0	0	1	1	2	0	1	0	3	3	0	0	2	1	2	0	2	0	0	0	2	0
PHB_PHB	0	0	0	0	0	0	3	0	0	0	3	0	0	0	1	0	0	0	0	1	1	0	0	0	0	0	0	0
PHB2_PHB2	0	1	2	0	0	0	1	0	0	0	3	2	0	0	1	0	0	0	0	1	1	1	0	0	0	0	0	0
PHPT1_PHP14	1	0	1	0	0	0	0	0	0	0	0	1	0	0	0	0	0	0	0	0	0	1	0	0	0	0	0	0
PI3_ELAF	0	0	0	1	1	0	0	0	0	0	0	0	0	0	0	1	0	0	2	0	0	0	0	0	0	0	0	0
PIGR_PIGR	47	38	39	31	22	29	29	33	29	25	39	8	27	31	28	32	32	39	32	28	35	21	33	36	30	26	32	23
PKM_KPYM	18	22	24	20	20	11	17	15	15	15	29	3	15	14	18	17	12	16	19	14	20	5	20	17	12	14	17	15
PLAU_UROK	5	3	1	0	0	0	0	2	0	1	2	0	0	1	0	2	0	2	1	1	0	0	0	0	2	2	0	0
PLEC_PLEC	4	3	2	0	1	1	0	0	0	3	4	2	0	0	6	7	0	0	0	2	0	8	0	0	0	0	0	0
PLIN3_PLIN3	0	0	0	0	0	0	0	0	0	0	0	0	0	0	0	1	0	0	0	1	0	0	0	0	0	0	0	0
PLS1_PLSI	2	0	0	0	1	1	0	0	0	2	0	0	1	0	0	3	0	2	1	1	1	0	0	1	0	0	0	0
PLS3_PLST	0	0	0	0	0	0	0	0	0	0	0	0	0	0	2	2	0	2	0	0	0	0	0	0	0	0	0	0
PLTP_PLTP	0	0	1	0	0	0	0	0	0	0	1	0	0	0	1	0	0	0	0	0	0	0	0	0	0	0	0	0
PODXL_PODXL	0	0	0	0	0	0	0	0	0	0	1	0	0	0	2	1	0	0	1	0	0	2	0	1	0	0	1	0
POSTN_POSTN	0	0	0	0	0	2	0	5	0	2	0	0	0	1	0	0	0	0	0	0	0	0	0	0	0	1	0	0
PPA1_IPYR	0	0	0	0	0	0	0	0	0	0	0	0	0	0	0	1	0	0	0	1	0	0	0	0	0	0	0	0
PPIA_PPIA	9	8	7	9	7	3	4	5	1	5	14	0	5	6	7	10	9	8	9	7	7	4	7	10	0	0	5	8
PPIB_PPIB	4	3	5	2	1	1	4	0	0	1	5	0	2	1	2	2	2	0	5	0	3	0	2	0	2	0	1	1
PPP2R1A_2AAA	0	0	1	0	0	0	0	0	0	0	0	1	0	0	0	2	0	0	0	0	0	0	0	0	0	0	0	1
PRB1_PRP1	0	0	0	0	0	0	0	0	0	0	0	0	0	1	0	0	0	0	0	1	0	0	0	0	0	0	0	1
PRB2_PRB2	0	0	0	0	0	0	0	3	0	1	0	1	0	0	0	2	0	0	0	2	0	2	0	0	0	0	0	1
PRDX1_PRDX1	3	9	8	10	9	4	3	3	5	9	7	0	7	9	11	9	7	7	10	9	9	3	7	8	3	2	8	7
PRDX2_PRDX2	4	3	4	2	5	0	3	0	0	0	6	0	0	0	2	2	3	4	3	0	5	2	5	3	0	0	0	0
PRDX3_PRDX3	0	0	1	0	0	0	0	0	0	0	0	0	0	0	1	1	0	0	0	0	0	0	0	0	0	0	0	0
PRDX5_PRDX5	4	5	4	5	10	2	2	0	1	2	6	1	7	1	5	5	5	4	8	4	4	2	6	5	0	0	0	2
PRDX6_PRDX6	2	2	0	2	2	1	2	2	1	1	3	0	2	3	4	4	0	3	5	2	2	0	2	3	0	0	1	1
PRKCSH_GLU2B	1	0	0	0	0	0	0	0	0	0	3	0	0	0	1	1	0	0	1	0	1	0	0	0	0	0	0	0
PROM1_PROM1	8	0	7	0	9	0	5	0	5	0	7	0	4	0	10	1	12	0	11	0	9	0	12	0	2	0	4	0
PRSS22_BSSP4	0	0	0	0	1	1	0	2	1	1	0	0	2	1	1	3	0	0	1	1	2	0	0	0	0	0	1	1
PSAP_SAP	0	0	0	0	0	0	0	0	0	1	0	0	0	0	1	0	0	0	0	0	0	0	0	0	1	0	0	0
PSCA_PSCA	3	2	3	2	3	2	2	0	3	2	3	0	2	2	0	0	2	2	0	0	0	0	0	0	0	0	3	2
PSMA1_PSA1	0	0	0	0	0	0	0	0	1	0	2	0	1	0	1	0	0	0	1	0	1	2	0	0	0	0	0	0
PSMA2_PSA2	0	0	0	0	0	0	0	0	0	0	1	0	1	0	0	2	0	0	1	0	0	1	0	0	0	0	0	0
PSMA3_PSA3	0	0	0	0	0	0	0	0	0	0	0	0	0	0	2	0	0	0	0	0	0	1	0	0	0	0	0	0
PSMA4_PSA4	0	1	0	0	0	0	0	0	0	0	1	0	0	0	1	0	0	0	1	0	0	0	1	1	0	0	0	0
PSMA5_PSA5	0	1	0	0	1	0	0	0	0	1	0	0	1	1	2	1	0	0	2	1	0	1	0	2	1	1	2	0
PSMA6_PSA6	0	0	0	0	0	1	0	0	0	1	0	0	1	0	2	1	0	0	1	1	0	0	0	0	0	0	0	0
PSMA8_PSA7L	0	0	0	0	0	0	0	0	0	0	0	0	0	0	1	2	0	0	0	1	0	0	0	0	0	0	0	0
PSMB2_PSB2	0	0	0	0	0	0	0	0	1	0	0	0	0	0	1	0	0	0	1	0	0	0	0	0	0	0	0	0
PSMB3_PSB3	0	0	0	0	0	0	0	0	0	0	0	0	0	0	0	1	0	0	1	0	0	0	0	0	0	0	0	0
PSMB6_PSB6	0	0	0	0	0	0	0	0	0	0	0	0	0	0	2	0	0	0	1	0	0	0	0	0	0	0	0	0
PSMD2_PSMD2	1	0	0	0	0	0	0	0	0	0	0	1	0	0	0	0	0	0	0	0	0	0	0	0	0	0	0	0
PSME1_PSME1	0	0	2	0	0	0	1	0	0	0	3	0	1	0	0	2	2	0	1	0	1	0	1	0	0	0	0	0
PSME2_PSME2	0	2	0	3	1	1	0	0	0	1	0	3	1	1	0	1	0	0	0	1	0	3	0	2	0	0	0	1
PTBP1_PTBP1	0	0	0	0	0	1	0	0	0	1	1	0	1	1	1	1	0	0	1	1	0	0	0	0	0	0	0	1
PTHLH_PTHR	0	0	0	0	1	0	0	0	0	0	0	0	0	0	0	0	0	0	1	0	0	0	0	0	0	0	0	0
PTMA_PTMA	0	0	2	0	0	0	0	0	0	0	1	0	0	0	0	0	0	0	0	0	0	0	2	0	0	0	0	0
PTMS_PTMS	1	1	0	0	1	1	1	0	0	0	2	0	0	1	1	1	1	0	0	1	2	1	0	0	0	0	1	0
PTPRZ1_PTPRZ	0	0	0	0	0	0	0	0	0	0	0	0	0	0	1	1	0	0	0	0	0	0	0	0	0	0	0	0
PYCARD_ASC	0	0	0	0	1	0	0	0	0	0	1	0	0	0	1	2	0	0	2	0	0	0	0	0	0	0	0	0
PYGB_PYGB	2	0	0	0	0	1	0	0	0	0	0	0	0	0	1	5	0	3	0	0	0	0	0	0	0	0	0	0
QSOX1_QSOX1	7	7	5	4	2	3	3	7	7	5	5	1	8	6	8	10	3	8	13	5	9	4	7	6	2	0	7	4
RAB10_RAB10	0	0	0	0	1	1	0	0	1	0	0	0	0	1	3	3	2	0	1	1	0	0	0	0	0	0	1	1
RAB11A_RB11A	0	0	0	0	0	0	0	0	0	0	0	0	0	0	1	1	0	0	0	0	0	0	0	0	0	0	0	0
RAB1A_RAB1A	0	0	2	0	0	0	0	0	0	0	3	0	0	0	3	0	0	3	0	1	0	0	0	0	0	0	0	0
RAB1B_RAB1B	0	0	2	1	0	0	0	0	0	0	0	0	0	0	0	3	0	0	0	1	0	0	0	0	0	0	0	0
RAB1C_RAB1C	0	2	0	0	0	0	0	0	0	0	0	0	0	0	0	0	0	0	0	0	1	0	0	0	0	0	0	0
RAB27A_RB27A	0	0	0	0	0	0	0	0	0	0	0	0	1	0	0	1	0	0	0	0	0	0	0	0	0	0	0	0
RAB2A_RAB2A	0	0	0	0	0	0	1	0	0	0	0	0	0	0	1	1	0	0	0	0	0	0	0	0	0	0	0	0
RAB5C_RAB5C	1	0	1	0	1	0	0	0	0	0	1	0	0	0	1	1	0	0	1	0	1	2	0	0	0	0	0	0
RAC1_RAC1	0	0	0	2	0	0	0	0	0	0	2	0	0	1	0	1	0	0	1	2	0	0	0	0	0	0	0	1
RAC3_RAC3	2	2	2	0	0	0	0	0	0	0	0	0	0	0	0	0	1	0	0	0	3	1	4	1	1	1	0	0
RACK1_RACK1	0	1	2	0	0	0	1	0	0	0	0	0	0	0	2	0	1	0	0	0	1	0	0	0	0	1	0	2
RAN_RAN	2	2	2	1	1	0	0	0	0	2	1	0	1	1	2	1	0	2	3	1	0	0	0	1	0	0	1	2
RAP1A_RAP1A	3	0	0	0	1	0	0	0	1	1	2	0	1	2	0	0	0	0	0	1	0	0	0	0	0	0	0	2
RAP1B_RAP1B	3	0	3	1	0	0	2	1	0	0	0	0	0	0	3	0	2	0	2	0	0	0	1	0	0	0	0	0
RARRES1_TIG1	7	0	0	0	0	0	6	0	1	0	3	0	1	0	0	0	3	0	1	0	0	0	0	0	4	2	0	0
RDX_RADI	0	0	0	0	0	0	0	0	0	0	0	0	0	0	0	0	0	0	0	0	6	0	9	0	0	0	0	0
RHOA_RHOA	0	2	0	2	0	0	0	2	0	0	3	0	0	0	1	0	1	2	2	0	0	0	0	0	0	0	0	0
RNH1_RINI	1	1	0	1	0	0	0	0	0	0	2	0	0	0	2	3	0	2	1	2	1	0	0	2	0	0	0	0
RNPEP_AMPB	0	0	0	0	0	0	0	0	0	0	2	0	0	0	1	0	0	0	1	0	0	0	0	0	0	0	0	0
RP2_XRP2	0	0	0	0	0	0	0	0	0	0	0	0	0	0	2	0	0	0	1	0	0	0	0	0	0	0	0	0
RPL10A_RL10A	2	1	0	2	0	0	0	0	0	0	0	0	0	0	1	0	1	0	1	1	2	0	0	1	0	0	0	0
RPL12_RL12	2	2	0	1	0	0	1	0	0	0	1	0	0	0	1	1	0	2	1	0	1	0	0	1	0	0	0	1
RPL15_RL15	0	0	0	0	0	0	0	0	0	0	0	0	0	0	1	1	0	0	0	1	0	0	0	0	0	1	0	1
RPL18_RL18	0	0	1	0	0	0	0	0	0	0	0	0	0	0	0	1	0	0	0	0	0	0	0	0	0	0	0	1
RPL23A_RL23A	1	0	0	0	0	0	1	0	0	0	1	0	0	0	1	1	0	0	0	0	0	0	0	0	0	0	0	0
RPL27A_RL27A	0	1	0	0	0	0	0	0	0	0	0	0	0	0	0	0	0	0	0	0	0	1	0	0	0	0	0	0
RPL3_RL3	0	0	0	0	0	0	1	0	0	0	1	0	0	0	0	1	0	0	0	1	0	0	0	0	0	0	0	1
RPL34_RL34	0	0	1	0	0	0	0	0	0	0	1	0	0	0	0	0	0	0	0	0	0	0	0	0	0	0	0	0
RPL4_RL4	0	0	2	0	0	0	2	0	0	0	2	0	0	0	0	0	0	0	0	0	0	0	0	0	0	0	0	0
RPL6_RL6	0	0	1	0	0	0	2	0	0	0	1	0	0	0	0	0	0	1	0	1	0	0	0	0	0	0	0	1
RPL7A_RL7A	0	0	0	0	0	0	0	0	0	0	1	0	0	0	1	0	0	0	1	0	0	0	0	0	0	0	1	0
RPN1_RPN1	0	0	1	0	0	0	2	0	0	0	4	0	0	0	0	0	0	0	0	0	1	0	0	0	0	0	0	1
RPS14_RS14	0	0	0	0	1	0	0	1	1	1	1	0	0	0	0	1	0	0	0	0	1	1	0	0	0	0	1	1
RPS19_RS19	0	0	0	0	0	0	0	0	0	0	1	0	0	0	0	0	0	0	1	0	0	1	0	0	0	0	0	0
RPS2_RS2	0	0	0	0	0	0	0	0	0	0	1	0	0	0	0	1	0	0	0	0	0	2	0	0	0	0	0	0
RPS25_RS25	0	2	0	0	0	0	1	0	0	0	1	0	0	0	0	0	0	0	0	0	0	0	0	0	0	0	0	0
RPS27A_RS27A	0	3	0	6	0	0	3	0	0	0	0	0	0	0	0	0	0	0	0	0	0	0	0	0	0	0	0	0
RPS27L_RS27L	0	0	0	0	0	0	0	0	0	0	0	0	0	0	0	1	0	0	0	0	0	0	0	0	0	0	0	1
RPS28_RS28	0	0	0	0	0	0	0	0	0	0	0	0	0	0	0	1	0	0	0	1	0	0	0	0	0	1	0	0
RPS8_RS8	0	0	1	0	0	0	0	0	0	0	3	0	0	0	1	1	0	0	0	0	1	0	0	0	0	0	0	0
RPSA_RSSA	2	2	2	1	0	0	0	0	0	0	2	0	0	0	0	4	1	3	0	0	3	0	0	2	1	0	0	0
RRAS2_RRAS2	0	0	0	0	0	0	0	0	0	0	0	0	0	0	0	0	0	0	1	0	0	0	0	0	0	0	1	0
RRBP1_RRBP1	0	1	0	0	1	0	0	0	0	1	2	0	1	0	2	0	0	0	2	2	0	6	0	0	0	0	1	2
RUVBL1_RUVB1	1	0	0	0	1	0	0	0	0	0	3	0	0	0	0	0	0	0	0	0	2	0	0	0	0	0	0	0
RUVBL2_RUVB2	0	0	2	0	0	0	0	0	0	0	0	0	0	0	1	0	0	0	1	0	0	0	0	0	0	0	0	0
S100A11_S10AB	7	7	8	8	6	5	7	6	5	7	8	3	7	5	6	6	6	5	7	5	7	7	7	8	3	6	5	5
S100A14_S10AE	1	2	2	1	1	1	1	2	0	0	2	0	0	1	1	1	1	2	0	1	1	1	0	1	0	0	0	1
S100A16_S10AG	1	2	1	2	0	0	1	0	0	0	2	1	0	2	0	1	0	2	0	1	0	1	0	0	0	0	0	1
S100A2_S10A2	3	0	3	0	2	1	0	0	0	1	4	1	0	1	3	2	0	1	2	1	4	0	3	0	2	1	1	0
S100A4_S10A4	0	0	0	0	0	0	0	0	0	0	0	0	0	0	1	0	0	0	0	0	0	0	0	0	0	0	1	0
S100A6_S10A6	2	2	1	0	1	1	1	1	1	1	2	0	1	1	2	1	2	0	1	1	3	2	1	0	0	0	1	1
S100A8_S10A8	1	0	1	0	1	3	1	0	1	0	1	0	2	0	1	3	0	1	2	0	0	0	1	1	0	0	1	0
S100A9_S10A9	0	0	1	1	1	2	0	0	0	1	1	0	1	0	1	2	0	1	2	0	0	0	0	1	0	0	0	0
S100P_S100P	2	1	2	3	3	3	1	3	2	3	2	3	1	3	3	4	1	1	2	3	2	3	2	2	2	3	2	3
SARG_SARG	0	0	0	0	1	0	0	0	1	0	0	0	0	0	1	0	0	0	1	0	0	0	0	0	0	0	0	0
SCGB1A1_UTER	14	1	7	4	7	2	8	1	12	5	13	1	15	10	6	2	6	2	11	9	6	3	8	1	4	0	15	13
SCGB3A1_SG3A1	1	0	0	0	0	0	2	0	1	0	1	0	0	0	0	0	0	0	1	0	0	0	0	0	0	0	0	0
SDC1_SDC1	0	0	0	0	0	1	0	0	0	1	0	0	0	0	1	0	0	0	0	0	0	0	0	0	0	0	0	0
SDHA_SDHA	0	1	0	0	0	0	1	0	0	0	0	0	0	0	0	0	0	0	0	0	0	0	0	0	0	0	0	0
SELENBP1_SBP1	3	4	4	8	8	3	0	4	2	4	4	0	2	8	11	12	0	5	7	10	6	3	6	7	0	0	7	17
SERBP1_PAIRB	0	0	0	0	0	0	0	0	0	0	1	1	0	0	0	0	0	0	0	0	2	1	0	0	0	0	0	0
SERPINA1_A1AT	10	3	5	2	4	3	8	4	12	3	9	0	14	6	4	9	9	6	19	6	8	3	8	7	2	0	8	5
SERPINA3_AACT	9	5	1	0	2	0	6	2	4	2	4	0	2	1	4	3	6	4	8	1	4	0	2	2	11	4	3	1
SERPINB1_ILEU	4	0	8	4	7	5	1	1	6	6	9	0	1	2	12	8	7	5	6	2	7	4	8	3	0	3	2	2
SERPINB10_SPB10	0	2	0	3	0	0	0	1	0	1	0	0	0	2	0	2	0	4	0	0	0	1	0	2	0	0	0	1
SERPINB13_SPB13	0	2	0	0	0	0	0	0	0	0	0	0	0	0	2	4	0	3	0	2	0	2	0	3	0	0	0	0
SERPINB2_PAI2	2	10	0	13	0	12	0	9	0	14	0	2	0	19	1	14	2	10	2	13	0	7	0	12	0	6	0	11
SERPINB3_SPB3	26	34	24	31	31	27	27	32	29	32	36	9	32	31	31	29	24	29	31	29	36	30	34	30	7	20	37	30
SERPINB4_SPB4	17	24	17	24	0	22	0	25	21	22	25	0	21	23	22	25	0	25	23	21	23	21	21	22	0	14	22	20
SERPINB5_SPB5	7	4	4	0	4	1	2	0	1	1	6	0	2	2	9	8	3	2	6	2	6	1	3	2	2	0	1	1
SERPINB6_SPB6	3	4	1	5	3	1	0	4	1	3	3	0	3	3	5	8	1	5	4	3	6	2	3	4	0	0	1	7
SERPINE1_PAI1	6	4	7	0	2	3	0	0	1	5	0	2	0	0	2	6	0	3	6	3	2	0	2	4	0	0	0	2
SERPINF1_PEDF	13	6	7	1	5	2	7	7	7	2	10	0	12	5	7	5	6	5	12	6	8	0	8	4	2	0	10	3
SETSIP_SETLP	0	0	0	0	0	0	0	0	0	1	0	0	0	1	1	1	0	0	0	1	0	0	0	0	0	0	2	0
SFN_1433S	7	9	6	0	6	5	0	0	0	9	6	7	0	4	6	10	4	5	5	9	4	5	5	5	3	4	2	5
SFPQ_SFPQ	0	0	0	0	0	0	0	0	0	0	0	0	0	0	0	0	0	0	0	0	1	0	0	2	0	0	0	0
SH3BGRL_SH3L1	0	0	0	0	1	0	0	0	0	0	0	0	0	0	1	0	0	0	2	1	0	0	0	0	0	0	0	0
SH3BGRL2_SH3L2	0	0	0	0	0	1	0	0	0	1	1	0	0	1	1	1	0	0	0	1	0	0	0	0	0	0	0	2
SH3BGRL3_SH3L3	0	2	0	0	1	0	0	0	1	1	2	0	0	0	1	2	0	0	1	1	0	1	0	2	0	0	1	0
SLC25A3_MPCP	0	0	0	0	0	0	1	0	0	0	0	0	0	0	1	1	0	0	0	1	1	0	0	0	0	0	0	0
SLC25A5_ADT2	3	2	0	0	0	0	4	0	0	0	5	0	0	1	2	1	0	0	0	0	0	1	0	0	0	1	0	1
SLC25A6_ADT3	0	0	2	0	0	0	0	0	0	0	0	0	0	0	0	0	0	0	0	0	3	0	0	0	0	0	0	0
SLC26A4_S26A4	0	1	0	0	0	0	0	0	0	1	0	0	0	0	0	0	0	0	0	0	0	0	0	0	0	0	0	0
SLC34A2_NPT2B	2	0	3	0	0	0	0	0	1	0	2	0	1	0	1	0	1	0	1	0	1	0	2	0	1	0	2	0
SLC44A2_CTL2	0	0	0	0	0	0	0	0	0	0	0	0	0	0	2	0	0	0	1	0	0	0	1	0	0	0	0	0
SLC44A4_CTL4	1	0	3	0	2	0	0	0	1	0	2	0	1	0	4	1	2	0	2	0	2	0	4	0	0	0	3	0
SLC6A14_S6A14	1	4	1	0	1	1	0	0	1	5	1	0	1	4	3	4	0	2	1	3	0	0	0	1	0	0	1	3
SLC9A3R1_NHRF1	5	2	4	1	5	1	3	0	4	2	5	0	4	2	6	3	4	1	5	2	4	0	5	1	2	0	5	2
SLK_SLK	0	0	0	0	1	0	0	0	0	0	0	0	0	0	1	1	0	0	1	0	0	0	0	0	0	0	0	0
SLPI_SLPI	14	11	9	8	5	4	13	10	5	4	10	6	8	8	7	4	9	7	9	4	9	10	8	11	8	3	6	5
SMIM22_SIM22	0	0	0	0	0	0	0	0	0	0	0	0	0	0	1	0	1	0	1	0	0	0	0	0	0	0	0	0
SNRPA_SNRPA	0	0	0	0	0	0	0	0	0	0	0	0	0	0	1	0	0	0	0	0	0	0	0	0	0	0	1	0
SOD2_SODM	0	0	1	1	1	0	2	0	1	1	2	0	1	0	1	1	0	0	1	1	1	0	0	0	0	0	0	0
SORD_DHSO	0	0	0	0	0	0	0	0	0	0	0	0	0	0	1	0	0	0	0	1	1	0	0	0	0	0	0	0
SPINT1_SPIT1	0	0	0	0	0	0	0	0	0	0	0	0	0	0	2	4	0	0	3	0	0	0	0	0	0	0	0	0
SPTAN1_SPTN1	2	3	2	1	1	0	0	0	0	1	5	2	1	0	4	3	0	4	1	1	4	4	0	5	0	0	0	0
SPTBN1_SPTB2	0	2	0	3	0	0	0	0	0	0	3	0	1	0	3	3	0	0	1	1	0	0	0	0	0	0	0	0
SQOR_SQOR	0	0	0	0	0	0	0	0	0	0	0	0	0	0	0	1	0	0	0	2	0	0	0	0	0	0	0	2
SQRDL_SQRD	0	0	2	0	0	0	0	0	0	0	0	0	0	0	0	0	0	0	0	0	0	1	0	1	0	0	0	0
SRC_SRC	0	0	0	0	0	0	0	0	0	0	0	0	0	0	1	0	0	0	1	0	1	0	0	0	0	0	0	0
SRI_SORCN	0	0	2	0	1	0	0	0	0	0	3	0	0	0	1	0	0	0	1	0	2	2	0	0	0	0	0	0
SRSF1_SRSF1	0	0	0	0	0	0	0	0	0	0	2	0	0	0	1	0	0	0	0	0	1	0	0	0	0	0	0	0
SRSF3_SRSF3	0	0	0	0	1	0	0	0	0	0	2	0	0	0	2	1	0	0	0	0	2	0	0	0	0	0	1	0
SRSF7_SRSF7	0	0	0	0	0	0	0	0	0	0	0	0	0	0	1	0	0	0	1	0	0	0	0	0	0	0	0	0
ST13_F10A1	0	0	0	0	0	0	0	0	0	0	0	0	1	0	3	2	0	0	2	0	0	0	0	0	0	0	1	0
ST13P4_ST134	2	0	0	1	0	0	0	0	0	0	0	0	0	0	0	0	0	0	0	0	2	0	0	0	0	0	0	0
ST6GAL1_SIAT1	0	2	0	1	0	1	0	3	0	0	0	0	0	3	0	5	0	3	1	2	0	2	0	3	0	0	1	0
ST6GALNAC1_SIA7A	2	2	0	0	0	0	0	1	0	1	0	0	1	2	0	2	0	0	2	2	0	0	2	0	0	0	0	0
STEAP4_STEA4	1	0	0	0	0	0	0	0	0	0	2	0	0	0	0	0	0	0	1	0	0	0	0	0	0	0	0	0
STIP1_STIP1	0	0	0	0	0	0	0	0	1	0	0	0	1	0	1	0	0	0	0	0	0	0	0	0	0	0	1	0
STK24_STK24	0	0	0	0	1	0	0	0	0	0	1	0	0	0	0	0	0	0	1	0	0	0	0	0	0	0	0	0
STOM_STOM	6	2	6	6	9	2	4	2	3	0	7	3	6	3	4	7	6	4	8	1	5	1	10	3	3	0	6	1
SUB1_TCP4	0	0	0	0	1	0	0	0	0	0	0	0	0	0	1	1	0	0	1	1	0	1	0	0	0	0	1	0
SUMO2_SUMO2	0	0	0	0	1	0	0	0	0	1	0	0	1	0	1	0	0	0	1	1	0	0	0	0	0	0	1	0
SUMO4_SUMO4	0	0	0	0	0	0	0	0	0	0	0	0	0	0	0	0	1	0	0	0	1	1	1	0	0	0	0	0
SYNCRIP_HNRPQ	0	2	0	2	0	0	0	1	0	0	0	0	1	0	2	1	0	0	2	1	0	1	0	2	1	0	0	0
TACSTD2_TACD2	2	0	1	0	0	0	0	2	0	2	0	0	0	1	1	1	0	0	0	1	0	0	0	0	0	0	1	1
TAGLN_TAGL	2	2	0	0	1	0	0	2	0	0	0	1	0	0	1	0	0	2	1	0	0	0	0	0	0	1	0	0
TAGLN2_TAGL2	7	10	6	5	12	3	7	2	6	4	9	0	8	2	11	7	8	5	12	3	8	6	7	5	4	2	3	2
TALDO1_TALDO	3	3	5	5	2	2	3	4	2	3	6	2	2	3	4	2	2	5	3	2	3	6	4	6	2	3	1	3
TBCA_TBCA	0	0	0	0	1	1	0	0	0	1	1	0	1	1	1	1	0	0	2	1	1	1	0	0	0	0	1	1
TCEAL3_TCAL3	0	0	0	0	0	0	0	0	0	1	0	0	0	0	1	1	0	0	0	1	0	0	0	0	0	0	1	0
TCN1_TCO1	0	2	0	0	0	0	0	0	1	0	0	0	0	0	1	1	0	0	5	0	2	0	0	0	0	0	2	0
TCP1_TCPA	0	0	0	0	0	0	0	0	0	0	0	0	0	0	1	0	0	0	1	0	0	0	0	0	0	0	0	0
TES_TES	0	0	0	0	1	0	0	0	0	1	0	0	0	0	1	1	0	0	1	1	0	0	0	0	0	0	0	0
TF_TRFE	3	0	0	0	1	7	5	0	0	1	0	0	1	8	0	3	2	0	0	5	0	0	0	0	0	0	3	1
TFF3_TFF3	0	2	0	1	0	3	0	2	1	2	0	0	2	2	1	2	0	2	2	2	0	2	1	2	0	0	1	2
TGFBI_BGH3	5	1	5	0	3	2	0	0	0	1	0	2	0	5	0	5	1	0	1	1	0	0	2	2	2	2	0	3
TGM2_TGM2	6	5	2	1	0	0	7	3	0	1	7	0	0	2	0	3	0	1	1	1	1	0	0	0	2	1	0	1
TGOLN2_TGON2	0	0	0	0	0	0	0	0	0	0	0	0	0	0	1	1	0	0	1	1	0	0	0	0	0	0	0	0
THBS1_TSP1	0	3	1	0	0	2	2	4	0	5	0	0	1	4	2	10	2	0	4	3	0	1	3	8	0	1	0	0
TIMP1_TIMP1	2	3	1	4	0	5	2	6	2	3	0	0	4	6	1	5	0	4	5	6	2	0	1	5	0	3	3	5
TINAGL1_TINAL	2	2	0	0	0	0	0	0	0	2	0	0	0	0	1	3	0	0	0	0	0	0	0	0	2	0	0	0
TKT_TKT	10	8	8	8	4	6	5	6	5	6	9	3	5	8	8	8	3	10	8	7	9	7	7	8	2	4	4	9
TMC4_TMC4	0	0	2	0	1	0	0	0	1	0	3	0	1	0	2	0	4	0	4	0	5	0	3	0	0	0	1	0
TMC5_TMC5	7	0	3	0	4	0	0	0	4	0	5	0	4	0	11	0	4	0	8	0	9	0	10	0	0	0	1	0
TNC_TENA	5	3	0	0	2	4	3	4	0	11	3	0	2	4	2	14	1	3	1	3	0	0	0	7	4	3	0	0
TP53I3_QORX	0	0	0	0	0	0	0	0	0	0	0	0	0	0	1	1	0	0	0	0	1	0	0	0	0	0	0	0
TPI1_TPIS	6	6	13	13	6	7	8	9	4	6	16	2	10	10	13	11	3	6	11	9	15	7	9	13	4	2	8	7
TPM1_TPM1	0	0	0	0	1	1	0	0	1	2	0	0	0	2	0	0	0	0	0	2	0	0	0	0	0	0	1	1
TPM3_TPM3	0	0	0	0	0	0	0	3	0	0	0	0	0	0	4	0	0	0	0	0	0	3	0	0	0	0	0	0
TPM4_TPM4	7	4	5	0	0	0	1	0	0	0	9	4	3	0	0	3	3	3	4	0	5	0	4	0	2	3	0	0
TPPP3_TPPP3	3	2	6	2	5	0	1	0	3	0	7	0	2	0	7	1	2	1	3	0	5	2	6	3	0	0	0	0
TPT1_TCTP	0	2	0	0	0	0	0	0	0	2	0	0	0	0	0	1	0	1	0	1	0	0	0	2	0	0	0	0
TSG101_TS101	0	0	0	1	0	0	0	0	0	0	0	0	0	0	2	0	0	0	0	0	0	0	1	0	0	0	0	0
TSPAN1_TSN1	2	2	2	2	2	1	0	0	1	2	2	0	2	2	2	2	2	3	2	2	2	0	2	2	0	1	2	1
TST_THTR	0	0	0	0	0	0	0	0	0	0	1	0	0	0	0	0	0	0	0	0	2	2	0	0	0	0	0	1
TUBA1A_TBA1A	0	10	14	12	0	0	12	0	0	0	13	0	10	9	12	11	0	0	12	10	12	0	13	9	11	8	0	6
TUBA1B_TBA1B	10	11	14	13	11	6	11	8	8	6	13	0	11	9	0	11	0	9	13	10	12	0	13	10	11	8	8	7
TUBA1C_TBA1C	0	0	0	0	0	0	0	0	0	0	0	0	0	8	0	10	11	9	0	0	0	0	0	0	0	0	0	0
TUBB_TBB5	15	16	24	16	14	9	13	4	0	6	20	0	10	13	13	16	0	16	18	13	20	4	16	16	7	13	7	14
TUBB2A_TBB2A	0	0	0	0	0	0	0	0	0	0	0	0	0	12	0	16	0	0	0	0	0	0	0	0	0	0	0	12
TUBB3_TBB3	0	0	0	0	0	0	0	0	0	0	0	0	0	0	0	9	0	8	0	0	0	0	0	0	0	0	0	0
TUBB4B_TBB4B	17	16	26	18	16	10	15	5	6	6	25	0	14	15	19	20	15	16	23	14	23	4	22	20	0	0	8	14
TUFM_EFTU	0	0	1	0	0	0	0	0	0	0	0	0	0	0	2	0	0	0	0	0	0	0	0	0	0	0	0	0
TXN_THIO	1	2	1	0	1	0	0	0	1	0	2	0	1	1	2	2	1	0	1	2	2	0	3	2	0	0	0	1
TXNDC17_TXD17	2	1	1	1	3	1	0	0	1	1	2	0	1	1	4	3	2	1	3	1	2	0	2	0	0	0	2	1
TXNDC5_TXND5	2	0	0	0	0	0	2	0	0	1	3	1	0	2	0	1	0	0	0	1	2	0	0	0	0	0	0	2
TYMP_TYPH	2	1	0	0	0	0	1	0	0	0	0	0	1	0	0	2	0	0	1	0	0	0	0	0	0	1	0	0
UAP1_UAP1	0	0	0	0	0	0	0	0	0	0	0	0	0	1	0	1	0	0	0	0	0	0	0	0	0	0	0	0
UBA1_UBA1	2	4	3	3	4	2	2	5	0	7	6	0	0	4	2	7	3	6	1	8	2	0	0	6	3	2	1	3
UBA52_RL40	3	0	4	0	0	0	0	2	0	0	3	0	0	0	0	0	2	4	0	0	4	2	3	2	0	0	0	0
UBB_UBB	0	0	0	0	4	3	0	0	2	3	0	0	3	3	4	4	0	0	4	4	0	0	0	0	0	0	4	4
UBE2N_UBE2N	2	2	1	1	1	1	1	0	0	1	2	0	0	1	1	1	0	1	1	1	1	1	2	0	0	0	0	0
UGDH_UGDH	0	0	0	0	1	0	0	0	0	0	0	0	0	0	1	0	0	0	0	1	1	0	0	0	0	0	0	0
UGP2_UGPA	0	0	0	0	1	0	0	0	1	1	4	0	0	0	5	2	2	2	1	0	2	0	0	0	0	0	0	0
UQCRC1_QCR1	0	0	3	0	0	0	1	0	0	0	1	0	0	0	1	0	0	0	0	0	2	1	0	0	0	0	0	0
VAT1_VAT1	0	2	0	2	0	0	0	2	0	0	0	0	0	1	0	1	0	1	0	0	0	0	0	0	0	0	0	1
VCL_VINC	0	0	1	0	1	1	0	2	1	3	3	2	1	0	7	7	0	3	2	1	3	3	1	0	4	3	1	1
VCP_TERA	10	7	5	7	2	0	0	0	0	4	11	4	4	2	8	7	4	7	7	6	5	9	6	3	1	2	2	2
VDAC1_VDAC1	0	1	0	2	0	0	2	0	0	0	3	0	0	0	2	2	0	0	0	0	2	0	0	0	0	0	0	2
VDAC2_VDAC2	0	0	0	0	0	0	0	0	0	0	2	0	0	0	1	1	0	0	0	0	0	2	0	0	0	0	0	0
VIM_VIME	0	0	0	0	0	0	0	0	0	0	7	0	0	0	0	0	0	0	0	0	0	0	0	0	7	0	0	0
VMO1_VMO1	6	1	0	0	1	1	5	1	0	1	1	0	1	0	1	0	1	1	3	0	0	0	1	0	0	1	0	1
VPS35_VPS35	0	1	0	0	0	0	0	0	0	0	0	0	0	0	0	0	0	1	0	0	0	0	0	0	0	0	0	0
WARS_SYWC	0	2	1	4	0	2	0	0	0	1	0	0	0	0	1	2	0	4	0	1	0	1	0	1	0	0	0	1
WDR1_WDR1	1	5	0	0	0	0	0	0	0	0	0	0	0	0	5	3	0	2	0	0	2	0	3	1	0	0	0	0
WFDC2_WFDC2	1	0	2	0	1	0	1	0	1	0	2	0	1	0	1	1	1	0	1	0	0	0	0	0	0	0	1	0
YBX1_YBOX1	0	0	0	0	0	0	0	0	0	0	2	0	0	0	1	1	0	0	0	0	0	2	0	0	0	0	0	0
YWHAB_1433B	6	5	6	6	3	5	3	5	2	5	5	2	2	5	5	7	0	4	6	5	6	5	0	5	0	3	2	4
YWHAE_1433E	7	3	8	3	3	3	2	3	2	4	6	0	3	3	6	7	6	4	7	2	7	3	6	3	3	0	3	3
YWHAG_1433G	7	6	6	5	3	0	2	0	2	0	4	2	2	0	5	5	4	6	4	4	4	3	6	4	3	3	2	3
YWHAH_1433F	6	0	0	0	0	0	0	0	0	0	5	0	0	0	3	0	0	0	4	0	0	0	0	0	0	0	0	0
YWHAQ_1433T	6	0	4	0	0	0	0	0	0	0	5	0	2	0	3	5	4	0	0	0	4	0	0	0	3	0	0	0
YWHAZ_1433Z	12	9	12	10	5	8	8	6	5	9	11	3	7	12	6	12	11	9	11	8	12	9	11	8	7	7	5	10
ZG16B_ZG16B	1	0	0	0	0	0	0	0	0	0	0	0	1	0	1	1	0	0	2	0	0	0	0	0	0	0	0	0
